0.0 -0.33 0 0.9947239269280154 1.0
0.0 -0.33 1 0.9947239269280154 1.0
0.0 -0.33 2 0.9841716789272887 1.0
0.0 -0.33 3 1.0 1.0
0.0 -0.33 4 1.0 1.0
0.0 -0.33 5 0.9894573165974411 1.0
0.0 -0.33 6 1.0 1.0
0.0 -0.33 7 0.984176412733917 1.0
0.0 -0.33 8 0.9894525603827939 1.0
0.0 -0.33 9 1.0 1.0
0.0 -0.31 0 0.9551610379340659 1.0
0.0 -0.31 1 0.9736286446566658 1.0
0.0 -0.31 2 0.7936188897576998 1.0
0.0 -0.31 3 0.9736427322409704 1.0
0.0 -0.31 4 0.9736286446566655 1.0
0.0 -0.31 5 0.959133003299077 1.0
0.0 -0.31 6 0.969656968564711 1.0
0.0 -0.31 7 0.9736333220894844 1.0
0.0 -0.31 8 0.9788858340349618 1.0
0.0 -0.31 9 0.9604471769239338 0.9828881935896343
0.0 -0.29 0 0.5308823092979589 1.0
0.0 -0.29 1 0.7684321760523225 1.0
0.0 -0.29 2 0.7688150757322271 0.9657916517849214
0.0 -0.29 3 0.7471153295644504 0.9828881935896343
0.0 -0.29 4 0.7301939567495649 1.0
0.0 -0.29 5 0.5315281933588426 1.0
0.0 -0.29 6 0.5516431249547091 0.9700074953683859
0.0 -0.29 7 0.7175824313908346 1.0
0.0 -0.29 8 0.5621002394757799 0.9657602332828115
0.0 -0.29 9 0.5905723784788661 1.0
0.0 -0.27 0 0.5682555340392731 1.0
0.0 -0.27 1 0.5043195383075311 1.0
0.0 -0.27 2 0.3219488474735852 1.0
0.0 -0.27 3 0.32744941540932404 0.9358748380214472
0.0 -0.27 4 0.5202776233230019 0.9700074953683859
0.0 -0.27 5 0.37673873494122134 0.9828881935896341
0.0 -0.27 6 0.39978570535104674 1.0
0.0 -0.27 7 0.35675586247622537 0.9658074384747689
0.0 -0.27 8 0.21455544724483397 0.9657916517849214
0.0 -0.27 9 0.4903081809334913 0.9657916517849214
0.0 -0.25 0 0.21673239850251905 0.9657907560207533
0.0 -0.25 1 0.20900297271361137 0.948725947577824
0.0 -0.25 2 0.1623224221743033 0.9700074953683859
0.0 -0.25 3 0.18958645482541514 0.8931263502580805
0.0 -0.25 4 0.16303413757580376 0.9316294057731112
0.0 -0.25 5 0.3852758386283108 0.8889080653474757
0.0 -0.25 6 0.21151516039229462 0.941704690585828
0.0 -0.25 7 0.20151129629460837 0.9700074953683859
0.0 -0.25 8 0.19961883580746606 0.8760856126591252
0.0 -0.25 9 0.22524873184260313 0.9828881935896343
0.0 -0.23 0 0.0 0.8803270096484873
0.0 -0.23 1 0.0 0.9358256066834818
0.0 -0.23 2 0.0 0.9074913380817693
0.0 -0.23 3 0.0 0.836708190842068
0.0 -0.23 4 0.14418518018590618 0.881852073617166
0.0 -0.23 5 0.0 0.8249350449163679
0.0 -0.23 6 0.0 0.8946566405977838
0.0 -0.23 7 0.0 0.7798848472466
0.0 -0.23 8 0.0 0.8947693928003865
0.0 -0.23 9 0.0 0.8512716622658484
0.0 -0.21 0 0.0 0.815201879449726
0.0 -0.21 1 0.0 0.7091631162938989
0.0 -0.21 2 0.0 0.4549422427156589
0.0 -0.21 3 0.0 0.7281976484665394
0.0 -0.21 4 0.0 0.7021211654136664
0.0 -0.21 5 0.0 0.692126960814442
0.0 -0.21 6 0.0 0.7424209911623727
0.0 -0.21 7 0.0 0.7351881898317266
0.0 -0.21 8 0.0 0.7890917188833312
0.0 -0.21 9 0.0 0.792644366989502
0.0 -0.19 0 0.0 0.5208612083149003
0.0 -0.19 1 0.0 0.614095353969737
0.0 -0.19 2 0.0 0.6170179847486268
0.0 -0.19 3 0.0 0.24913416171973582
0.0 -0.19 4 0.0 0.30980131269997335
0.0 -0.19 5 0.0 0.6217339983556113
0.0 -0.19 6 0.0 0.5364989164686556
0.0 -0.19 7 0.0 0.44111900648646635
0.0 -0.19 8 0.0 0.7278888346103951
0.0 -0.19 9 0.0 0.34078238187470905
0.0 -0.17 0 0.0 0.0
0.0 -0.17 1 0.0 0.0
0.0 -0.17 2 0.0 0.28371816596052896
0.0 -0.17 3 0.0 0.0
0.0 -0.17 4 0.0 0.0
0.0 -0.17 5 0.0 0.0
0.0 -0.17 6 0.0 0.2602331456274252
0.0 -0.17 7 0.0 0.0
0.0 -0.17 8 0.0 0.0
0.0 -0.17 9 0.0 0.0
0.0 -0.15 0 0.0 0.0
0.0 -0.15 1 0.0 0.20735763505907437
0.0 -0.15 2 0.0 0.0
0.0 -0.15 3 0.0 0.0
0.0 -0.15 4 0.0 0.0
0.0 -0.15 5 0.0 0.0
0.0 -0.15 6 0.0 0.0
0.0 -0.15 7 0.0 0.0
0.0 -0.15 8 0.0 0.0
0.0 -0.15 9 0.0 0.0
0.0 -0.13 0 0.0 0.0
0.0 -0.13 1 0.0 0.0
0.0 -0.13 2 0.0 0.0
0.0 -0.13 3 0.0 0.0
0.0 -0.13 4 0.0 0.0
0.0 -0.13 5 0.0 0.0
0.0 -0.13 6 0.0 0.0
0.0 -0.13 7 0.0 0.0
0.0 -0.13 8 0.0 0.0
0.0 -0.13 9 0.0 0.0
0.0 -0.11 0 0.0 0.0
0.0 -0.11 1 0.0 0.0
0.0 -0.11 2 0.0 0.0
0.0 -0.11 3 0.0 0.0
0.0 -0.11 4 0.0 0.0
0.0 -0.11 5 0.0 0.0
0.0 -0.11 6 0.0 0.0
0.0 -0.11 7 0.0 0.0
0.0 -0.11 8 0.0 0.0
0.0 -0.11 9 0.0 0.0
0.0 -0.09 0 0.0 0.0
0.0 -0.09 1 0.0 0.0
0.0 -0.09 2 0.0 0.0
0.0 -0.09 3 0.0 0.0
0.0 -0.09 4 0.0 0.0
0.0 -0.09 5 0.0 0.0
0.0 -0.09 6 0.0 0.0
0.0 -0.09 7 0.0 0.0
0.0 -0.09 8 0.0 0.0
0.0 -0.09 9 0.0 0.0
0.0 -0.07 0 0.0 0.0
0.0 -0.07 1 0.0 0.0
0.0 -0.07 2 0.0 0.0
0.0 -0.07 3 0.0 0.0
0.0 -0.07 4 0.0 0.0
0.0 -0.07 5 0.0 0.0
0.0 -0.07 6 0.0 0.0
0.0 -0.07 7 0.0 0.0
0.0 -0.07 8 0.0 0.0
0.0 -0.07 9 0.0 0.0
0.0 -0.05 0 0.0 0.0
0.0 -0.05 1 0.0 0.0
0.0 -0.05 2 0.0 0.0
0.0 -0.05 3 0.0 0.0
0.0 -0.05 4 0.0 0.0
0.0 -0.05 5 0.0 0.0
0.0 -0.05 6 0.0 0.0
0.0 -0.05 7 0.0 0.0
0.0 -0.05 8 0.0 0.0
0.0 -0.05 9 0.0 0.0
0.0 -0.03 0 0.0 0.0
0.0 -0.03 1 0.0 0.0
0.0 -0.03 2 0.0 0.0
0.0 -0.03 3 0.0 0.0
0.0 -0.03 4 0.0 0.0
0.0 -0.03 5 0.0 0.0
0.0 -0.03 6 0.0 0.0
0.0 -0.03 7 0.0 0.0
0.0 -0.03 8 0.0 0.0
0.0 -0.03 9 0.0 0.0
0.0 -0.01 0 0.0 0.0
0.0 -0.01 1 0.0 0.0
0.0 -0.01 2 0.0 0.0
0.0 -0.01 3 0.0 0.0
0.0 -0.01 4 0.0 0.0
0.0 -0.01 5 0.0 0.0
0.0 -0.01 6 0.0 0.0
0.0 -0.01 7 0.0 0.0
0.0 -0.01 8 0.0 0.0
0.0 -0.01 9 0.0 0.0
0.0 0.01 0 0.0 0.0
0.0 0.01 1 0.0 0.0
0.0 0.01 2 0.0 0.0
0.0 0.01 3 0.0 0.0
0.0 0.01 4 0.0 0.0
0.0 0.01 5 0.0 0.0
0.0 0.01 6 0.0 0.0
0.0 0.01 7 0.0 0.0
0.0 0.01 8 0.0 0.0
0.0 0.01 9 0.0 0.0
0.0 0.03 0 0.0 0.0
0.0 0.03 1 0.0 0.0
0.0 0.03 2 0.0 0.0
0.0 0.03 3 0.0 0.0
0.0 0.03 4 0.0 0.0
0.0 0.03 5 0.0 0.0
0.0 0.03 6 0.0 0.0
0.0 0.03 7 0.0 0.0
0.0 0.03 8 0.0 0.0
0.0 0.03 9 0.0 0.0
0.0 0.05 0 0.0 0.0
0.0 0.05 1 0.0 0.0
0.0 0.05 2 0.0 0.0
0.0 0.05 3 0.0 0.0
0.0 0.05 4 0.0 0.0
0.0 0.05 5 0.0 0.0
0.0 0.05 6 0.0 0.0
0.0 0.05 7 0.0 0.0
0.0 0.05 8 0.0 0.0
0.0 0.05 9 0.0 0.0
0.0 0.07 0 0.0 0.0
0.0 0.07 1 0.0 0.0
0.0 0.07 2 0.0 0.0
0.0 0.07 3 0.0 0.0
0.0 0.07 4 0.0 0.0
0.0 0.07 5 0.0 0.0
0.0 0.07 6 0.0 0.0
0.0 0.07 7 0.0 0.0
0.0 0.07 8 0.0 0.0
0.0 0.07 9 0.0 0.0
0.0 0.09 0 0.0 0.0
0.0 0.09 1 0.0 0.0
0.0 0.09 2 0.0 0.0
0.0 0.09 3 0.0 0.0
0.0 0.09 4 0.0 0.0
0.0 0.09 5 0.0 0.0
0.0 0.09 6 0.0 0.0
0.0 0.09 7 0.0 0.0
0.0 0.09 8 0.0 0.0
0.0 0.09 9 0.0 0.0
0.0 0.11 0 0.0 0.0
0.0 0.11 1 0.0 0.0
0.0 0.11 2 0.0 0.0
0.0 0.11 3 0.0 0.0
0.0 0.11 4 0.0 0.0
0.0 0.11 5 0.0 0.0
0.0 0.11 6 0.0 0.0
0.0 0.11 7 0.0 0.0
0.0 0.11 8 0.0 0.0
0.0 0.11 9 0.0 0.0
0.0 0.13 0 0.0 0.0
0.0 0.13 1 0.0 0.0
0.0 0.13 2 0.0 0.0
0.0 0.13 3 0.0 0.0
0.0 0.13 4 0.0 0.0
0.0 0.13 5 0.0 0.0
0.0 0.13 6 0.0 0.0
0.0 0.13 7 0.0 0.0
0.0 0.13 8 0.0 0.0
0.0 0.13 9 0.0 0.0
0.0 0.15 0 0.0 0.0
0.0 0.15 1 0.0 0.0
0.0 0.15 2 0.0 0.0
0.0 0.15 3 0.0 0.0
0.0 0.15 4 0.0 0.0
0.0 0.15 5 0.0 0.0
0.0 0.15 6 0.0 0.0
0.0 0.15 7 0.0 0.0
0.0 0.15 8 0.0 0.0
0.0 0.15 9 0.0 0.0
0.0 0.17 0 0.0 0.0
0.0 0.17 1 0.0 0.0
0.0 0.17 2 0.0 0.0
0.0 0.17 3 0.0 0.0
0.0 0.17 4 0.0 0.0
0.0 0.17 5 0.0 0.0
0.0 0.17 6 0.0 0.0
0.0 0.17 7 0.0 0.0
0.0 0.17 8 0.0 0.0
0.0 0.17 9 0.0 0.0
0.0 0.19 0 0.0 0.0
0.0 0.19 1 0.0 0.0
0.0 0.19 2 0.0 0.0
0.0 0.19 3 0.0 0.0
0.0 0.19 4 0.0 0.0
0.0 0.19 5 0.0 0.0
0.0 0.19 6 0.0 0.0
0.0 0.19 7 0.0 0.0
0.0 0.19 8 0.0 0.0
0.0 0.19 9 0.0 0.0
0.0 0.21 0 0.0 0.0
0.0 0.21 1 0.0 0.368247556708205
0.0 0.21 2 0.0 0.0
0.0 0.21 3 0.0 0.0
0.0 0.21 4 0.0 0.0
0.0 0.21 5 0.0 0.0
0.0 0.21 6 0.0 0.0
0.0 0.21 7 0.0 0.0
0.0 0.21 8 0.0 0.0
0.0 0.21 9 0.0 0.0
0.0 0.23 0 0.0 0.0
0.0 0.23 1 0.0 0.0
0.0 0.23 2 0.0 0.3355439380678111
0.0 0.23 3 0.0 0.4155653542352689
0.0 0.23 4 0.0 0.0
0.0 0.23 5 0.0 0.3356569633471614
0.0 0.23 6 0.0 0.0
0.0 0.23 7 0.0 0.0
0.0 0.23 8 0.0 0.0
0.0 0.23 9 0.0 0.0
0.0 0.25 0 0.0 0.48332413427605847
0.0 0.25 1 0.0 0.0
0.0 0.25 2 0.0 0.7557406628770271
0.0 0.25 3 0.0 0.5027181311825344
0.0 0.25 4 0.0 0.40289382789331746
0.0 0.25 5 0.0 0.0
0.0 0.25 6 0.0 0.3303385702989649
0.0 0.25 7 0.0 0.4058335539094934
0.0 0.25 8 0.0 0.0
0.0 0.25 9 0.0 0.37109120260477224
0.0 0.27 0 0.0 0.5083969860479948
0.0 0.27 1 0.0 0.7174635527424088
0.0 0.27 2 0.0 0.8099892821828429
0.0 0.27 3 0.0 0.7491469296186128
0.0 0.27 4 0.0 0.4270421354230184
0.0 0.27 5 0.0 0.6512224796201137
0.0 0.27 6 0.0 0.8324026073094343
0.0 0.27 7 0.0 0.4381759560803157
0.0 0.27 8 0.0 0.6909582321864719
0.0 0.27 9 0.0 0.7964005834805452
0.0 0.29 0 0.0 0.8478745892154873
0.0 0.29 1 0.0 0.8607197541360804
0.0 0.29 2 0.0 0.8633545222552752
0.0 0.29 3 0.0 0.8455105089224841
0.0 0.29 4 0.0 0.8422658582344296
0.0 0.29 5 0.3315277379540112 0.7900384666358475
0.0 0.29 6 0.0 0.8846013200014851
0.0 0.29 7 0.0 0.7483276415170993
0.0 0.29 8 0.2444288983774616 0.8470013574430498
0.0 0.29 9 0.0 0.8761254239284962
0.0 0.31 0 0.31800753347911226 0.8803377956027328
0.0 0.31 1 0.0 0.8607051991537497
0.0 0.31 2 0.18701437494366 0.8719104675162646
0.0 0.31 3 0.0 0.8885988761434644
0.0 0.31 4 0.0 0.8182352287055822
0.0 0.31 5 0.2488702859757572 0.9014495186693465
0.0 0.31 6 0.0 0.8351782786498385
0.0 0.31 7 0.21000336954753698 0.8372624092061163
0.0 0.31 8 0.2119408533604846 0.8972449389201413
0.0 0.31 9 0.26204256685627353 0.8449269228556906
0.0 0.33 0 0.3747678251698882 0.9246239476583239
0.0 0.33 1 0.47554282422707955 0.8905537909125021
0.0 0.33 2 0.5293574224800922 0.9059935032554844
0.0 0.33 3 0.37799748290444485 0.9058710348043109
0.0 0.33 4 0.21947687049962494 0.9187463592853153
0.0 0.33 5 0.22903291992809738 0.8649429051484145
0.0 0.33 6 0.4003502380559067 0.9486951099802087
0.0 0.33 7 0.21436294703960573 0.9401407755820507
0.0 0.33 8 0.6727303277460556 0.9017613264461232
0.0 0.33 9 0.271274964778301 0.8649418650258748
0.0 0.35 0 0.44704153150644216 0.9229543487465666
0.0 0.35 1 0.4681640730005318 1.0
0.0 0.35 2 0.7324344565859304 0.9316294057731112
0.0 0.35 3 0.5354050370089265 0.9004597512586024
0.0 0.35 4 0.6364574143917645 0.9017279622202931
0.0 0.35 5 0.6120266454456695 0.9358256066834818
0.0 0.35 6 0.817571626273537 0.9358292545793522
0.0 0.35 7 0.6064039301978426 0.8900458406365289
0.0 0.35 8 0.5901064108107685 0.9828881935896343
0.0 0.35 9 0.5741726778016942 0.9060222593942536
0.0 0.37 0 0.9446469789617425 0.965790756020753
0.0 0.37 1 0.802568897558673 0.9657916517849214
0.0 0.37 2 0.7949905080055149 1.0
0.0 0.37 3 0.6499319995582825 0.9358924201800881
0.0 0.37 4 0.7679622692026081 0.9657602332828115
0.0 0.37 5 0.7620021795383917 0.9657916517849214
0.0 0.37 6 0.7050744322086949 0.8948054076414065
0.0 0.37 7 0.7648776768169152 0.9587225217276995
0.0 0.37 8 0.792360063049611 0.948725947577824
0.0 0.37 9 0.6746375849367774 0.9657916517849214
0.0 0.39 0 0.9591474101103533 1.0
0.0 0.39 1 0.9411964526672691 0.9828881935896343
0.0 0.39 2 0.7795666641772426 0.9657916517849214
0.0 0.39 3 0.9459603618295148 0.935793593198942
0.0 0.39 4 0.929344057565192 0.948725947577824
0.0 0.39 5 0.9354669603067214 0.9529581243871854
0.0 0.39 6 0.8315466479971501 0.9657916517849214
0.0 0.39 7 0.8218844813203305 0.9529259961774822
0.0 0.39 8 0.9366764314069352 0.9828881935896343
0.0 0.39 9 0.9249795752642169 0.9358909214041267
0.0 0.41 0 0.9381200586389473 0.948725947577824
0.0 0.41 1 0.9591284426809752 0.9486951099802087
0.0 0.41 2 0.9736286446566658 0.9828881935896343
0.0 0.41 3 0.9631095519281295 0.9828881935896343
0.0 0.41 4 0.9696957708434201 0.9658074384747687
0.0 0.41 5 0.9736431381380285 1.0
0.0 0.41 6 0.9591474585130726 0.9828881935896343
0.0 0.41 7 0.94730899366127 0.9828881935896341
0.0 0.41 8 0.9223029203268884 0.9828881935896341
0.0 0.41 9 0.9683812549315368 1.0
0.0 0.43 0 0.9451640497772255 1.0
0.0 0.43 1 0.9749384472851834 0.9828881935896343
0.0 0.43 2 0.984176412733917 0.9828881935896341
0.0 0.43 3 0.9538812560556987 0.9658074384747689
0.0 0.43 4 0.9736334277049111 0.9828881935896341
0.0 0.43 5 0.9894430949143658 1.0
0.0 0.43 6 0.9789001105850066 1.0
0.0 0.43 7 0.9683619863747158 1.0
0.0 0.43 8 0.965661378764618 1.0
0.0 0.43 9 0.9631095615904922 1.0
0.0 0.45 0 0.9894478041233142 1.0
0.0 0.45 1 0.9947239269280153 0.9828881935896343
0.0 0.45 2 0.9907527217957736 1.0
0.0 0.45 3 0.9789001105850066 1.0
0.0 0.45 4 0.9841810915147354 1.0
0.0 0.45 5 0.9894430949143657 0.9828881935896341
0.0 0.45 6 0.989452560382794 0.9828881935896341
0.0 0.45 7 0.9789001105850068 0.9828881935896341
0.0 0.45 8 0.9841763103653017 1.0
0.0 0.45 9 0.9841764127339169 0.9828881935896341
0.0 0.47 0 0.9947239269280153 1.0
0.0 0.47 1 1.0 1.0
0.0 0.47 2 0.9854956065289473 1.0
0.0 0.47 3 1.0 1.0
0.0 0.47 4 0.9947239269280153 0.9828881935896343
0.0 0.47 5 0.9841811938375726 1.0
0.0 0.47 6 0.9894478041233143 1.0
0.0 0.47 7 0.9683717467486309 0.9828881935896343
0.0 0.47 8 0.9947239269280153 1.0
0.0 0.47 9 0.9894478041233142 1.0
0.0 0.49 0 1.0 1.0
0.0 0.49 1 1.0 1.0
0.0 0.49 2 1.0 1.0
0.0 0.49 3 0.9947239269280153 1.0
0.0 0.49 4 0.9947239269280154 1.0
0.0 0.49 5 0.9894478041233142 1.0
0.0 0.49 6 0.9947239269280154 1.0
0.0 0.49 7 0.9947239269280154 1.0
0.0 0.49 8 0.9947239269280154 0.9828881935896341
0.0 0.49 9 0.9894478041233142 0.9828881935896343
0.0 0.51 0 1.0 1.0
0.0 0.51 1 1.0 1.0
0.0 0.51 2 0.9947239269280153 1.0
0.0 0.51 3 1.0 1.0
0.0 0.51 4 1.0 1.0
0.0 0.51 5 0.989452508000284 1.0
0.0 0.51 6 1.0 1.0
0.0 0.51 7 1.0 1.0
0.0 0.51 8 0.9947239269280153 1.0
0.0 0.51 9 1.0 1.0
0.0 0.53 0 1.0 1.0
0.0 0.53 1 1.0 1.0
0.0 0.53 2 0.9947239269280154 1.0
0.0 0.53 3 1.0 1.0
0.0 0.53 4 1.0 1.0
0.0 0.53 5 1.0 1.0
0.0 0.53 6 1.0 1.0
0.0 0.53 7 1.0 1.0
0.0 0.53 8 1.0 1.0
0.0 0.53 9 1.0 1.0
0.0 0.55 0 1.0 1.0
0.0 0.55 1 0.9947239269280153 1.0
0.0 0.55 2 1.0 1.0
0.0 0.55 3 1.0 1.0
0.0 0.55 4 1.0 1.0
0.0 0.55 5 0.9947239269280153 1.0
0.0 0.55 6 1.0 1.0
0.0 0.55 7 1.0 1.0
0.0 0.55 8 1.0 1.0
0.0 0.55 9 0.9947239269280153 1.0
0.0 0.57 0 1.0 1.0
0.0 0.57 1 1.0 1.0
0.0 0.57 2 1.0 1.0
0.0 0.57 3 1.0 1.0
0.0 0.57 4 1.0 1.0
0.0 0.57 5 1.0 1.0
0.0 0.57 6 1.0 1.0
0.0 0.57 7 0.9947239269280153 1.0
0.0 0.57 8 1.0 1.0
0.0 0.57 9 1.0 1.0
0.0 0.59 0 1.0 1.0
0.0 0.59 1 1.0 1.0
0.0 0.59 2 1.0 1.0
0.0 0.59 3 1.0 1.0
0.0 0.59 4 1.0 1.0
0.0 0.59 5 1.0 1.0
0.0 0.59 6 1.0 1.0
0.0 0.59 7 1.0 1.0
0.0 0.59 8 1.0 1.0
0.0 0.59 9 1.0 1.0
0.0 0.61 0 1.0 1.0
0.0 0.61 1 1.0 1.0
0.0 0.61 2 1.0 1.0
0.0 0.61 3 1.0 1.0
0.0 0.61 4 1.0 1.0
0.0 0.61 5 1.0 1.0
0.0 0.61 6 1.0 1.0
0.0 0.61 7 1.0 1.0
0.0 0.61 8 1.0 1.0
0.0 0.61 9 1.0 1.0
0.0 0.63 0 1.0 1.0
0.0 0.63 1 1.0 1.0
0.0 0.63 2 1.0 1.0
0.0 0.63 3 1.0 1.0
0.0 0.63 4 1.0 1.0
0.0 0.63 5 1.0 1.0
0.0 0.63 6 1.0 1.0
0.0 0.63 7 1.0 1.0
0.0 0.63 8 1.0 1.0
0.0 0.63 9 1.0 1.0
0.0 0.65 0 1.0 1.0
0.0 0.65 1 1.0 1.0
0.0 0.65 2 1.0 1.0
0.0 0.65 3 1.0 1.0
0.0 0.65 4 1.0 1.0
0.0 0.65 5 1.0 1.0
0.0 0.65 6 1.0 1.0
0.0 0.65 7 1.0 1.0
0.0 0.65 8 1.0 1.0
0.0 0.65 9 1.0 1.0
0.0 0.67 0 1.0 1.0
0.0 0.67 1 1.0 1.0
0.0 0.67 2 1.0 1.0
0.0 0.67 3 1.0 1.0
0.0 0.67 4 1.0 1.0
0.0 0.67 5 1.0 1.0
0.0 0.67 6 1.0 1.0
0.0 0.67 7 1.0 1.0
0.0 0.67 8 1.0 1.0
0.0 0.67 9 1.0 1.0
0.0 0.69 0 1.0 1.0
0.0 0.69 1 1.0 1.0
0.0 0.69 2 1.0 1.0
0.0 0.69 3 1.0 1.0
0.0 0.69 4 1.0 1.0
0.0 0.69 5 1.0 1.0
0.0 0.69 6 1.0 1.0
0.0 0.69 7 1.0 1.0
0.0 0.69 8 1.0 1.0
0.0 0.69 9 1.0 1.0
0.0 0.71 0 1.0 1.0
0.0 0.71 1 1.0 1.0
0.0 0.71 2 1.0 1.0
0.0 0.71 3 1.0 1.0
0.0 0.71 4 1.0 1.0
0.0 0.71 5 1.0 1.0
0.0 0.71 6 1.0 1.0
0.0 0.71 7 1.0 1.0
0.0 0.71 8 1.0 1.0
0.0 0.71 9 1.0 1.0
0.0 0.73 0 1.0 1.0
0.0 0.73 1 1.0 1.0
0.0 0.73 2 1.0 1.0
0.0 0.73 3 1.0 1.0
0.0 0.73 4 1.0 1.0
0.0 0.73 5 1.0 1.0
0.0 0.73 6 1.0 1.0
0.0 0.73 7 1.0 1.0
0.0 0.73 8 1.0 1.0
0.0 0.73 9 1.0 1.0
0.0 0.75 0 1.0 1.0
0.0 0.75 1 1.0 1.0
0.0 0.75 2 1.0 1.0
0.0 0.75 3 1.0 1.0
0.0 0.75 4 1.0 1.0
0.0 0.75 5 1.0 1.0
0.0 0.75 6 1.0 1.0
0.0 0.75 7 1.0 1.0
0.0 0.75 8 1.0 1.0
0.0 0.75 9 1.0 1.0
0.0 0.77 0 1.0 1.0
0.0 0.77 1 1.0 1.0
0.0 0.77 2 1.0 1.0
0.0 0.77 3 1.0 1.0
0.0 0.77 4 1.0 1.0
0.0 0.77 5 1.0 1.0
0.0 0.77 6 1.0 1.0
0.0 0.77 7 1.0 1.0
0.0 0.77 8 1.0 1.0
0.0 0.77 9 1.0 1.0
0.0 0.79 0 1.0 1.0
0.0 0.79 1 1.0 1.0
0.0 0.79 2 1.0 1.0
0.0 0.79 3 1.0 1.0
0.0 0.79 4 1.0 1.0
0.0 0.79 5 1.0 1.0
0.0 0.79 6 1.0 1.0
0.0 0.79 7 1.0 1.0
0.0 0.79 8 1.0 1.0
0.0 0.79 9 1.0 1.0
0.0 0.81 0 1.0 1.0
0.0 0.81 1 1.0 1.0
0.0 0.81 2 1.0 1.0
0.0 0.81 3 1.0 1.0
0.0 0.81 4 1.0 1.0
0.0 0.81 5 1.0 1.0
0.0 0.81 6 1.0 1.0
0.0 0.81 7 1.0 1.0
0.0 0.81 8 1.0 1.0
0.0 0.81 9 1.0 1.0
0.0 0.83 0 1.0 1.0
0.0 0.83 1 1.0 1.0
0.0 0.83 2 1.0 1.0
0.0 0.83 3 1.0 1.0
0.0 0.83 4 1.0 1.0
0.0 0.83 5 1.0 1.0
0.0 0.83 6 1.0 1.0
0.0 0.83 7 1.0 1.0
0.0 0.83 8 1.0 1.0
0.0 0.83 9 1.0 1.0
0.0 0.85 0 1.0 1.0
0.0 0.85 1 1.0 1.0
0.0 0.85 2 1.0 1.0
0.0 0.85 3 1.0 1.0
0.0 0.85 4 1.0 1.0
0.0 0.85 5 1.0 1.0
0.0 0.85 6 1.0 1.0
0.0 0.85 7 1.0 1.0
0.0 0.85 8 1.0 1.0
0.0 0.85 9 1.0 1.0
0.0 0.87 0 1.0 1.0
0.0 0.87 1 1.0 1.0
0.0 0.87 2 1.0 1.0
0.0 0.87 3 1.0 1.0
0.0 0.87 4 1.0 1.0
0.0 0.87 5 1.0 1.0
0.0 0.87 6 1.0 1.0
0.0 0.87 7 1.0 1.0
0.0 0.87 8 1.0 1.0
0.0 0.87 9 1.0 1.0
0.0 0.89 0 1.0 1.0
0.0 0.89 1 1.0 1.0
0.0 0.89 2 1.0 1.0
0.0 0.89 3 1.0 1.0
0.0 0.89 4 1.0 1.0
0.0 0.89 5 1.0 1.0
0.0 0.89 6 1.0 1.0
0.0 0.89 7 1.0 1.0
0.0 0.89 8 1.0 1.0
0.0 0.89 9 1.0 1.0
0.0 0.91 0 1.0 1.0
0.0 0.91 1 1.0 1.0
0.0 0.91 2 1.0 1.0
0.0 0.91 3 1.0 1.0
0.0 0.91 4 1.0 1.0
0.0 0.91 5 1.0 1.0
0.0 0.91 6 1.0 1.0
0.0 0.91 7 1.0 1.0
0.0 0.91 8 1.0 1.0
0.0 0.91 9 1.0 1.0
0.0 0.93 0 1.0 1.0
0.0 0.93 1 1.0 1.0
0.0 0.93 2 1.0 1.0
0.0 0.93 3 1.0 1.0
0.0 0.93 4 1.0 1.0
0.0 0.93 5 1.0 1.0
0.0 0.93 6 1.0 1.0
0.0 0.93 7 1.0 1.0
0.0 0.93 8 1.0 1.0
0.0 0.93 9 1.0 1.0
0.0 0.95 0 1.0 1.0
0.0 0.95 1 1.0 1.0
0.0 0.95 2 1.0 1.0
0.0 0.95 3 1.0 1.0
0.0 0.95 4 1.0 1.0
0.0 0.95 5 1.0 1.0
0.0 0.95 6 1.0 1.0
0.0 0.95 7 1.0 1.0
0.0 0.95 8 1.0 1.0
0.0 0.95 9 1.0 1.0
0.0 0.97 0 1.0 1.0
0.0 0.97 1 1.0 1.0
0.0 0.97 2 1.0 1.0
0.0 0.97 3 1.0 1.0
0.0 0.97 4 1.0 1.0
0.0 0.97 5 1.0 1.0
0.0 0.97 6 1.0 1.0
0.0 0.97 7 1.0 1.0
0.0 0.97 8 1.0 1.0
0.0 0.97 9 1.0 1.0
0.0 0.99 0 1.0 1.0
0.0 0.99 1 1.0 1.0
0.0 0.99 2 1.0 1.0
0.0 0.99 3 1.0 1.0
0.0 0.99 4 1.0 1.0
0.0 0.99 5 1.0 1.0
0.0 0.99 6 1.0 1.0
0.0 0.99 7 1.0 1.0
0.0 0.99 8 1.0 1.0
0.0 0.99 9 1.0 1.0
0.0 1.01 0 1.0 1.0
0.0 1.01 1 1.0 1.0
0.0 1.01 2 1.0 1.0
0.0 1.01 3 1.0 1.0
0.0 1.01 4 1.0 1.0
0.0 1.01 5 1.0 1.0
0.0 1.01 6 1.0 1.0
0.0 1.01 7 1.0 1.0
0.0 1.01 8 1.0 1.0
0.0 1.01 9 1.0 1.0
0.0 1.03 0 1.0 1.0
0.0 1.03 1 1.0 1.0
0.0 1.03 2 1.0 1.0
0.0 1.03 3 1.0 1.0
0.0 1.03 4 1.0 1.0
0.0 1.03 5 1.0 1.0
0.0 1.03 6 1.0 1.0
0.0 1.03 7 1.0 1.0
0.0 1.03 8 1.0 1.0
0.0 1.03 9 1.0 1.0
0.0 1.05 0 1.0 1.0
0.0 1.05 1 1.0 1.0
0.0 1.05 2 1.0 1.0
0.0 1.05 3 1.0 1.0
0.0 1.05 4 1.0 1.0
0.0 1.05 5 1.0 1.0
0.0 1.05 6 1.0 1.0
0.0 1.05 7 1.0 1.0
0.0 1.05 8 1.0 1.0
0.0 1.05 9 1.0 1.0
0.0 1.07 0 1.0 1.0
0.0 1.07 1 1.0 1.0
0.0 1.07 2 1.0 1.0
0.0 1.07 3 1.0 1.0
0.0 1.07 4 1.0 1.0
0.0 1.07 5 1.0 1.0
0.0 1.07 6 1.0 1.0
0.0 1.07 7 1.0 1.0
0.0 1.07 8 1.0 1.0
0.0 1.07 9 1.0 1.0
0.0 1.09 0 1.0 1.0
0.0 1.09 1 1.0 1.0
0.0 1.09 2 1.0 1.0
0.0 1.09 3 1.0 1.0
0.0 1.09 4 1.0 1.0
0.0 1.09 5 1.0 1.0
0.0 1.09 6 1.0 1.0
0.0 1.09 7 1.0 1.0
0.0 1.09 8 1.0 1.0
0.0 1.09 9 1.0 1.0
0.0 1.11 0 1.0 1.0
0.0 1.11 1 1.0 1.0
0.0 1.11 2 1.0 1.0
0.0 1.11 3 1.0 1.0
0.0 1.11 4 1.0 1.0
0.0 1.11 5 1.0 1.0
0.0 1.11 6 1.0 1.0
0.0 1.11 7 1.0 1.0
0.0 1.11 8 1.0 1.0
0.0 1.11 9 1.0 1.0
0.0 1.13 0 1.0 1.0
0.0 1.13 1 1.0 1.0
0.0 1.13 2 1.0 1.0
0.0 1.13 3 1.0 1.0
0.0 1.13 4 1.0 1.0
0.0 1.13 5 1.0 1.0
0.0 1.13 6 1.0 1.0
0.0 1.13 7 1.0 1.0
0.0 1.13 8 1.0 1.0
0.0 1.13 9 1.0 1.0
0.0 1.15 0 1.0 1.0
0.0 1.15 1 1.0 1.0
0.0 1.15 2 1.0 1.0
0.0 1.15 3 1.0 1.0
0.0 1.15 4 1.0 1.0
0.0 1.15 5 1.0 1.0
0.0 1.15 6 1.0 1.0
0.0 1.15 7 1.0 1.0
0.0 1.15 8 1.0 1.0
0.0 1.15 9 1.0 1.0
0.0 1.17 0 1.0 1.0
0.0 1.17 1 1.0 1.0
0.0 1.17 2 1.0 1.0
0.0 1.17 3 1.0 1.0
0.0 1.17 4 1.0 1.0
0.0 1.17 5 1.0 1.0
0.0 1.17 6 1.0 1.0
0.0 1.17 7 1.0 1.0
0.0 1.17 8 1.0 1.0
0.0 1.17 9 1.0 1.0
0.0 1.19 0 1.0 1.0
0.0 1.19 1 1.0 1.0
0.0 1.19 2 1.0 1.0
0.0 1.19 3 1.0 1.0
0.0 1.19 4 1.0 1.0
0.0 1.19 5 1.0 1.0
0.0 1.19 6 1.0 1.0
0.0 1.19 7 1.0 1.0
0.0 1.19 8 1.0 1.0
0.0 1.19 9 1.0 1.0
0.0 1.21 0 1.0 1.0
0.0 1.21 1 1.0 1.0
0.0 1.21 2 1.0 1.0
0.0 1.21 3 1.0 1.0
0.0 1.21 4 1.0 1.0
0.0 1.21 5 1.0 1.0
0.0 1.21 6 1.0 1.0
0.0 1.21 7 1.0 1.0
0.0 1.21 8 1.0 1.0
0.0 1.21 9 1.0 1.0
0.0 1.23 0 1.0 1.0
0.0 1.23 1 1.0 1.0
0.0 1.23 2 1.0 1.0
0.0 1.23 3 1.0 1.0
0.0 1.23 4 1.0 1.0
0.0 1.23 5 1.0 1.0
0.0 1.23 6 1.0 1.0
0.0 1.23 7 1.0 1.0
0.0 1.23 8 1.0 1.0
0.0 1.23 9 1.0 1.0
0.0 1.25 0 1.0 1.0
0.0 1.25 1 1.0 1.0
0.0 1.25 2 1.0 1.0
0.0 1.25 3 1.0 1.0
0.0 1.25 4 1.0 1.0
0.0 1.25 5 1.0 1.0
0.0 1.25 6 1.0 1.0
0.0 1.25 7 1.0 1.0
0.0 1.25 8 1.0 1.0
0.0 1.25 9 1.0 1.0
0.0 1.27 0 1.0 1.0
0.0 1.27 1 1.0 1.0
0.0 1.27 2 1.0 1.0
0.0 1.27 3 1.0 1.0
0.0 1.27 4 1.0 1.0
0.0 1.27 5 1.0 1.0
0.0 1.27 6 1.0 1.0
0.0 1.27 7 1.0 1.0
0.0 1.27 8 1.0 1.0
0.0 1.27 9 1.0 1.0
0.0 1.29 0 1.0 1.0
0.0 1.29 1 1.0 1.0
0.0 1.29 2 1.0 1.0
0.0 1.29 3 1.0 1.0
0.0 1.29 4 1.0 1.0
0.0 1.29 5 1.0 1.0
0.0 1.29 6 1.0 1.0
0.0 1.29 7 1.0 1.0
0.0 1.29 8 1.0 1.0
0.0 1.29 9 1.0 1.0
0.0 1.31 0 1.0 1.0
0.0 1.31 1 1.0 1.0
0.0 1.31 2 1.0 1.0
0.0 1.31 3 1.0 1.0
0.0 1.31 4 1.0 1.0
0.0 1.31 5 1.0 1.0
0.0 1.31 6 1.0 1.0
0.0 1.31 7 1.0 1.0
0.0 1.31 8 1.0 1.0
0.0 1.31 9 1.0 1.0
0.0 1.33 0 1.0 1.0
0.0 1.33 1 1.0 1.0
0.0 1.33 2 1.0 1.0
0.0 1.33 3 1.0 1.0
0.0 1.33 4 1.0 1.0
0.0 1.33 5 1.0 1.0
0.0 1.33 6 1.0 1.0
0.0 1.33 7 1.0 1.0
0.0 1.33 8 1.0 1.0
0.0 1.33 9 1.0 1.0
0.0 1.35 0 1.0 1.0
0.0 1.35 1 1.0 1.0
0.0 1.35 2 1.0 1.0
0.0 1.35 3 1.0 1.0
0.0 1.35 4 1.0 1.0
0.0 1.35 5 1.0 1.0
0.0 1.35 6 1.0 1.0
0.0 1.35 7 1.0 1.0
0.0 1.35 8 1.0 1.0
0.0 1.35 9 1.0 1.0
0.0 1.37 0 1.0 1.0
0.0 1.37 1 1.0 1.0
0.0 1.37 2 1.0 1.0
0.0 1.37 3 1.0 1.0
0.0 1.37 4 1.0 1.0
0.0 1.37 5 1.0 1.0
0.0 1.37 6 1.0 1.0
0.0 1.37 7 1.0 1.0
0.0 1.37 8 1.0 1.0
0.0 1.37 9 1.0 1.0
0.0 1.39 0 1.0 1.0
0.0 1.39 1 1.0 1.0
0.0 1.39 2 1.0 1.0
0.0 1.39 3 1.0 1.0
0.0 1.39 4 1.0 1.0
0.0 1.39 5 1.0 1.0
0.0 1.39 6 1.0 1.0
0.0 1.39 7 1.0 1.0
0.0 1.39 8 1.0 1.0
0.0 1.39 9 1.0 1.0
0.0 1.41 0 1.0 1.0
0.0 1.41 1 1.0 1.0
0.0 1.41 2 1.0 1.0
0.0 1.41 3 1.0 1.0
0.0 1.41 4 1.0 1.0
0.0 1.41 5 1.0 1.0
0.0 1.41 6 1.0 1.0
0.0 1.41 7 1.0 1.0
0.0 1.41 8 1.0 1.0
0.0 1.41 9 1.0 1.0
0.0 1.43 0 1.0 1.0
0.0 1.43 1 1.0 1.0
0.0 1.43 2 1.0 1.0
0.0 1.43 3 1.0 1.0
0.0 1.43 4 1.0 1.0
0.0 1.43 5 1.0 1.0
0.0 1.43 6 1.0 1.0
0.0 1.43 7 1.0 1.0
0.0 1.43 8 1.0 1.0
0.0 1.43 9 1.0 1.0
0.0 1.45 0 1.0 1.0
0.0 1.45 1 1.0 1.0
0.0 1.45 2 1.0 1.0
0.0 1.45 3 1.0 1.0
0.0 1.45 4 1.0 1.0
0.0 1.45 5 1.0 1.0
0.0 1.45 6 1.0 1.0
0.0 1.45 7 1.0 1.0
0.0 1.45 8 1.0 1.0
0.0 1.45 9 1.0 1.0
0.0 1.47 0 1.0 1.0
0.0 1.47 1 1.0 1.0
0.0 1.47 2 1.0 1.0
0.0 1.47 3 1.0 1.0
0.0 1.47 4 1.0 1.0
0.0 1.47 5 1.0 1.0
0.0 1.47 6 1.0 1.0
0.0 1.47 7 1.0 1.0
0.0 1.47 8 1.0 1.0
0.0 1.47 9 1.0 1.0
0.0 1.49 0 1.0 1.0
0.0 1.49 1 1.0 1.0
0.0 1.49 2 1.0 1.0
0.0 1.49 3 1.0 1.0
0.0 1.49 4 1.0 1.0
0.0 1.49 5 1.0 1.0
0.0 1.49 6 1.0 1.0
0.0 1.49 7 1.0 1.0
0.0 1.49 8 1.0 1.0
0.0 1.49 9 1.0 1.0
0.0 1.51 0 1.0 1.0
0.0 1.51 1 1.0 1.0
0.0 1.51 2 1.0 1.0
0.0 1.51 3 1.0 1.0
0.0 1.51 4 1.0 1.0
0.0 1.51 5 1.0 1.0
0.0 1.51 6 1.0 1.0
0.0 1.51 7 1.0 1.0
0.0 1.51 8 1.0 1.0
0.0 1.51 9 1.0 1.0
0.0 1.53 0 1.0 1.0
0.0 1.53 1 1.0 1.0
0.0 1.53 2 1.0 1.0
0.0 1.53 3 1.0 1.0
0.0 1.53 4 1.0 1.0
0.0 1.53 5 1.0 1.0
0.0 1.53 6 1.0 1.0
0.0 1.53 7 1.0 1.0
0.0 1.53 8 1.0 1.0
0.0 1.53 9 1.0 1.0
0.0 1.55 0 1.0 1.0
0.0 1.55 1 1.0 1.0
0.0 1.55 2 1.0 1.0
0.0 1.55 3 1.0 1.0
0.0 1.55 4 1.0 1.0
0.0 1.55 5 1.0 1.0
0.0 1.55 6 1.0 1.0
0.0 1.55 7 1.0 1.0
0.0 1.55 8 1.0 1.0
0.0 1.55 9 1.0 1.0
0.0 1.57 0 1.0 1.0
0.0 1.57 1 1.0 1.0
0.0 1.57 2 1.0 1.0
0.0 1.57 3 1.0 1.0
0.0 1.57 4 1.0 1.0
0.0 1.57 5 1.0 1.0
0.0 1.57 6 1.0 1.0
0.0 1.57 7 1.0 1.0
0.0 1.57 8 1.0 1.0
0.0 1.57 9 1.0 1.0
0.0 1.59 0 1.0 1.0
0.0 1.59 1 1.0 1.0
0.0 1.59 2 1.0 1.0
0.0 1.59 3 1.0 1.0
0.0 1.59 4 1.0 1.0
0.0 1.59 5 1.0 1.0
0.0 1.59 6 1.0 1.0
0.0 1.59 7 1.0 1.0
0.0 1.59 8 1.0 1.0
0.0 1.59 9 1.0 1.0
0.0 1.61 0 1.0 1.0
0.0 1.61 1 1.0 1.0
0.0 1.61 2 1.0 1.0
0.0 1.61 3 1.0 1.0
0.0 1.61 4 1.0 1.0
0.0 1.61 5 1.0 1.0
0.0 1.61 6 1.0 1.0
0.0 1.61 7 1.0 1.0
0.0 1.61 8 1.0 1.0
0.0 1.61 9 1.0 1.0
0.0 1.63 0 1.0 1.0
0.0 1.63 1 1.0 1.0
0.0 1.63 2 1.0 1.0
0.0 1.63 3 1.0 1.0
0.0 1.63 4 1.0 1.0
0.0 1.63 5 1.0 1.0
0.0 1.63 6 1.0 1.0
0.0 1.63 7 1.0 1.0
0.0 1.63 8 1.0 1.0
0.0 1.63 9 1.0 1.0
0.0 1.65 0 1.0 1.0
0.0 1.65 1 1.0 1.0
0.0 1.65 2 1.0 1.0
0.0 1.65 3 1.0 1.0
0.0 1.65 4 1.0 1.0
0.0 1.65 5 1.0 1.0
0.0 1.65 6 1.0 1.0
0.0 1.65 7 1.0 1.0
0.0 1.65 8 1.0 1.0
0.0 1.65 9 1.0 1.0
0.0 1.67 0 1.0 1.0
0.0 1.67 1 1.0 1.0
0.0 1.67 2 1.0 1.0
0.0 1.67 3 1.0 1.0
0.0 1.67 4 1.0 1.0
0.0 1.67 5 1.0 1.0
0.0 1.67 6 1.0 1.0
0.0 1.67 7 1.0 1.0
0.0 1.67 8 1.0 1.0
0.0 1.67 9 1.0 1.0
0.0 1.69 0 1.0 1.0
0.0 1.69 1 1.0 1.0
0.0 1.69 2 1.0 1.0
0.0 1.69 3 1.0 1.0
0.0 1.69 4 1.0 1.0
0.0 1.69 5 1.0 1.0
0.0 1.69 6 1.0 1.0
0.0 1.69 7 1.0 1.0
0.0 1.69 8 1.0 1.0
0.0 1.69 9 1.0 1.0
0.0 1.71 0 1.0 1.0
0.0 1.71 1 1.0 1.0
0.0 1.71 2 1.0 1.0
0.0 1.71 3 1.0 1.0
0.0 1.71 4 1.0 1.0
0.0 1.71 5 1.0 1.0
0.0 1.71 6 1.0 1.0
0.0 1.71 7 1.0 1.0
0.0 1.71 8 1.0 1.0
0.0 1.71 9 1.0 1.0
0.0 1.73 0 1.0 1.0
0.0 1.73 1 1.0 1.0
0.0 1.73 2 1.0 1.0
0.0 1.73 3 1.0 1.0
0.0 1.73 4 1.0 1.0
0.0 1.73 5 1.0 1.0
0.0 1.73 6 1.0 1.0
0.0 1.73 7 1.0 1.0
0.0 1.73 8 1.0 1.0
0.0 1.73 9 1.0 1.0
0.0 1.75 0 1.0 1.0
0.0 1.75 1 1.0 1.0
0.0 1.75 2 1.0 1.0
0.0 1.75 3 1.0 1.0
0.0 1.75 4 1.0 1.0
0.0 1.75 5 1.0 1.0
0.0 1.75 6 1.0 1.0
0.0 1.75 7 1.0 1.0
0.0 1.75 8 1.0 1.0
0.0 1.75 9 1.0 1.0
0.0 1.77 0 1.0 1.0
0.0 1.77 1 1.0 1.0
0.0 1.77 2 1.0 1.0
0.0 1.77 3 1.0 1.0
0.0 1.77 4 1.0 1.0
0.0 1.77 5 1.0 1.0
0.0 1.77 6 1.0 1.0
0.0 1.77 7 1.0 1.0
0.0 1.77 8 1.0 1.0
0.0 1.77 9 1.0 1.0
0.0 1.79 0 1.0 1.0
0.0 1.79 1 1.0 1.0
0.0 1.79 2 1.0 1.0
0.0 1.79 3 1.0 1.0
0.0 1.79 4 1.0 1.0
0.0 1.79 5 1.0 1.0
0.0 1.79 6 1.0 1.0
0.0 1.79 7 1.0 1.0
0.0 1.79 8 1.0 1.0
0.0 1.79 9 1.0 1.0
0.0 1.81 0 1.0 1.0
0.0 1.81 1 1.0 1.0
0.0 1.81 2 1.0 1.0
0.0 1.81 3 1.0 1.0
0.0 1.81 4 1.0 1.0
0.0 1.81 5 1.0 1.0
0.0 1.81 6 1.0 1.0
0.0 1.81 7 1.0 1.0
0.0 1.81 8 1.0 1.0
0.0 1.81 9 1.0 1.0
0.0 1.83 0 1.0 1.0
0.0 1.83 1 1.0 1.0
0.0 1.83 2 1.0 1.0
0.0 1.83 3 1.0 1.0
0.0 1.83 4 1.0 1.0
0.0 1.83 5 1.0 1.0
0.0 1.83 6 1.0 1.0
0.0 1.83 7 1.0 1.0
0.0 1.83 8 1.0 1.0
0.0 1.83 9 1.0 1.0
0.0 1.85 0 1.0 1.0
0.0 1.85 1 1.0 1.0
0.0 1.85 2 1.0 1.0
0.0 1.85 3 1.0 1.0
0.0 1.85 4 1.0 1.0
0.0 1.85 5 1.0 1.0
0.0 1.85 6 1.0 1.0
0.0 1.85 7 1.0 1.0
0.0 1.85 8 1.0 1.0
0.0 1.85 9 1.0 1.0
0.0 1.87 0 1.0 1.0
0.0 1.87 1 1.0 1.0
0.0 1.87 2 1.0 1.0
0.0 1.87 3 1.0 1.0
0.0 1.87 4 1.0 1.0
0.0 1.87 5 1.0 1.0
0.0 1.87 6 1.0 1.0
0.0 1.87 7 1.0 1.0
0.0 1.87 8 1.0 1.0
0.0 1.87 9 1.0 1.0
