0.08 0.004 0 0.8911013575662655 4 15.54282801268334 11.040000000000001 1.2235719873166586 0.96
0.08 0.004 1 0.9103478264745847 3 15.54282801268334 11.040000000000001 1.2235719873166586 0.96
0.08 0.004 2 0.9119994432327152 3 15.54282801268334 11.040000000000001 1.2235719873166586 0.96
0.08 0.004 3 0.9165640461251084 3 15.54282801268334 11.040000000000001 1.2235719873166586 0.96
0.08 0.004 4 0.6852567553988747 5 15.54282801268334 11.040000000000001 1.2235719873166586 0.96
0.08 0.004 5 0.9015089373407998 4 15.54282801268334 11.040000000000001 1.2235719873166586 0.96
0.08 0.004 6 0.8929644465949794 4 15.54282801268334 11.040000000000001 1.2235719873166586 0.96
0.08 0.004 7 0.8926962269044776 4 15.54282801268334 11.040000000000001 1.2235719873166586 0.96
0.08 0.004 8 0.8926632969884443 4 15.54282801268334 11.040000000000001 1.2235719873166586 0.96
0.08 0.004 9 0.6878877035061814 5 15.54282801268334 11.040000000000001 1.2235719873166586 0.96
0.14 0.004 0 0.8576410869739897 3 15.701519535395859 10.32 2.188080464604143 1.6800000000000002
0.14 0.004 1 0.7955404474745039 5 15.701519535395859 10.32 2.188080464604143 1.6800000000000002
0.14 0.004 2 0.84322948027458 3 15.701519535395859 10.32 2.188080464604143 1.6800000000000002
0.14 0.004 3 0.8684203729013548 3 15.701519535395859 10.32 2.188080464604143 1.6800000000000002
0.14 0.004 4 0.7499566694115115 5 15.701519535395859 10.32 2.188080464604143 1.6800000000000002
0.14 0.004 5 0.8174381989061077 5 15.701519535395859 10.32 2.188080464604143 1.6800000000000002
0.14 0.004 6 0.7961032458588995 5 15.701519535395859 10.32 2.188080464604143 1.6800000000000002
0.14 0.004 7 0.8436914671313996 4 15.701519535395859 10.32 2.188080464604143 1.6800000000000002
0.14 0.004 8 0.8540720006177175 3 15.701519535395859 10.32 2.188080464604143 1.6800000000000002
0.14 0.004 9 0.8256868962247099 5 15.701519535395859 10.32 2.188080464604143 1.6800000000000002
0.12 0.004 0 0.872983968000704 3 15.6687224755122 10.56 1.8656775244878034 1.44
0.12 0.004 1 0.7385131081377747 5 15.6687224755122 10.56 1.8656775244878034 1.44
0.12 0.004 2 0.7738264125637249 5 15.6687224755122 10.56 1.8656775244878034 1.44
0.12 0.004 3 0.8605771644714737 3 15.6687224755122 10.56 1.8656775244878034 1.44
0.12 0.004 4 0.7894796207871283 5 15.6687224755122 10.56 1.8656775244878034 1.44
0.12 0.004 5 0.7909740987001739 4 15.6687224755122 10.56 1.8656775244878034 1.44
0.12 0.004 6 0.8736997478033508 3 15.6687224755122 10.56 1.8656775244878034 1.44
0.12 0.004 7 0.8337529380011174 4 15.6687224755122 10.56 1.8656775244878034 1.44
0.12 0.004 8 0.7864441373488162 4 15.6687224755122 10.56 1.8656775244878034 1.44
0.12 0.004 9 0.7537346917198519 5 15.6687224755122 10.56 1.8656775244878034 1.44
0.0 0.004 0 0.9934162227750634 3 15.0 12.0
0.0 0.004 1 0.9897866916066859 3 15.0 12.0
0.0 0.004 2 0.6776232418494946 5 15.0 12.0
0.0 0.004 3 0.9956684119896018 2 15.0 12.0
0.0 0.004 4 0.9978341658283101 2 15.0 12.0
0.0 0.004 5 0.6820156544100592 5 15.0 12.0
0.0 0.004 6 1.0 2 15.0 12.0
0.0 0.004 7 0.9945905512572517 3 15.0 12.0
0.0 0.004 8 0.9978341658283101 2 15.0 12.0
0.0 0.004 9 0.6657204045171919 5 15.0 12.0
0.04 0.004 0 0.9340360017266609 4 15.32494218222326 11.52 0.5966578177767379 0.48
0.04 0.004 1 0.9418392004621551 3 15.32494218222326 11.52 0.5966578177767379 0.48
0.04 0.004 2 0.6798967566258508 5 15.32494218222326 11.52 0.5966578177767379 0.48
0.04 0.004 3 0.6803629491898312 5 15.32494218222326 11.52 0.5966578177767379 0.48
0.04 0.004 4 0.9489881050458644 3 15.32494218222326 11.52 0.5966578177767379 0.48
0.04 0.004 5 0.9503976926827329 4 15.32494218222326 11.52 0.5966578177767379 0.48
0.04 0.004 6 0.9124818324565608 4 15.32494218222326 11.52 0.5966578177767379 0.48
0.04 0.004 7 0.6794345130787653 5 15.32494218222326 11.52 0.5966578177767379 0.48
0.04 0.004 8 0.6754160903035833 5 15.32494218222326 11.52 0.5966578177767379 0.48
0.04 0.004 9 0.6864816707533419 5 15.32494218222326 11.52 0.5966578177767379 0.48
0.1 0.004 0 0.8890937461419346 3 15.61639112045372 10.8 1.5436088795462766 1.2
0.1 0.004 1 0.6998591460697043 5 15.61639112045372 10.8 1.5436088795462766 1.2
0.1 0.004 2 0.863645697705988 4 15.61639112045372 10.8 1.5436088795462766 1.2
0.1 0.004 3 0.8594767980346635 4 15.61639112045372 10.8 1.5436088795462766 1.2
0.1 0.004 4 0.8698290090444913 4 15.61639112045372 10.8 1.5436088795462766 1.2
0.1 0.004 5 0.8610290664896234 4 15.61639112045372 10.8 1.5436088795462766 1.2
0.1 0.004 6 0.8531462944168002 4 15.61639112045372 10.8 1.5436088795462766 1.2
0.1 0.004 7 0.8559070570306725 4 15.61639112045372 10.8 1.5436088795462766 1.2
0.1 0.004 8 0.8855960830351526 3 15.61639112045372 10.8 1.5436088795462766 1.2
0.1 0.004 9 0.7893379385416693 5 15.61639112045372 10.8 1.5436088795462766 1.2
0.02 0.004 0 0.9697145711709789 3 15.176869361104403 11.76 0.29353063889559805 0.24
0.02 0.004 1 0.6849461139374206 5 15.176869361104403 11.76 0.29353063889559805 0.24
0.02 0.004 2 0.9599846139263232 3 15.176869361104403 11.76 0.29353063889559805 0.24
0.02 0.004 3 0.9395183770094858 4 15.176869361104403 11.76 0.29353063889559805 0.24
0.02 0.004 4 0.9621955431129614 3 15.176869361104403 11.76 0.29353063889559805 0.24
0.02 0.004 5 0.8851081398825692 4 15.176869361104403 11.76 0.29353063889559805 0.24
0.02 0.004 6 0.8176897819684613 4 15.176869361104403 11.76 0.29353063889559805 0.24
0.02 0.004 7 0.9412288821973048 4 15.176869361104403 11.76 0.29353063889559805 0.24
0.02 0.004 8 0.6668343196641218 5 15.176869361104403 11.76 0.29353063889559805 0.24
0.02 0.004 9 0.6761273456852213 5 15.176869361104403 11.76 0.29353063889559805 0.24
0.06 0.004 0 0.9093857235072991 4 15.446285902042867 11.28 0.907314097957133 0.72
0.06 0.004 1 0.8983677114861555 4 15.446285902042867 11.28 0.907314097957133 0.72
0.06 0.004 2 0.6790371896202013 5 15.446285902042867 11.28 0.907314097957133 0.72
0.06 0.004 3 0.904441707353203 4 15.446285902042867 11.28 0.907314097957133 0.72
0.06 0.004 4 0.6773076975668118 5 15.446285902042867 11.28 0.907314097957133 0.72
0.06 0.004 5 0.9140661659869735 4 15.446285902042867 11.28 0.907314097957133 0.72
0.06 0.004 6 0.6922190392895804 5 15.446285902042867 11.28 0.907314097957133 0.72
0.06 0.004 7 0.6818651648699916 5 15.446285902042867 11.28 0.907314097957133 0.72
0.06 0.004 8 0.9067693162765497 4 15.446285902042867 11.28 0.907314097957133 0.72
0.06 0.004 9 0.9102707155478844 4 15.446285902042867 11.28 0.907314097957133 0.72
0.16 0.004 0 0.7947912079700853 5 15.716452661974282 10.08 2.5091473380257203 1.92
0.16 0.004 1 0.7894006675697073 5 15.716452661974282 10.08 2.5091473380257203 1.92
0.16 0.004 2 0.82213662538944 5 15.716452661974282 10.08 2.5091473380257203 1.92
0.16 0.004 3 0.7869449328612605 4 15.716452661974282 10.08 2.5091473380257203 1.92
0.16 0.004 4 0.7810560447392512 5 15.716452661974282 10.08 2.5091473380257203 1.92
0.16 0.004 5 0.7920397807350613 4 15.716452661974282 10.08 2.5091473380257203 1.92
0.16 0.004 6 0.8194519722181672 4 15.716452661974282 10.08 2.5091473380257203 1.92
0.16 0.004 7 0.8180247719771382 4 15.716452661974282 10.08 2.5091473380257203 1.92
0.16 0.004 8 0.785463327868228 5 15.716452661974282 10.08 2.5091473380257203 1.92
0.16 0.004 9 0.8125179076918795 4 15.716452661974282 10.08 2.5091473380257203 1.92
0.24 0.004 0 0.7656533987308647 5 15.63111130790032 9.120000000000001 3.7464886920996814 2.88
0.24 0.004 1 0.745188319207722 5 15.63111130790032 9.120000000000001 3.7464886920996814 2.88
0.24 0.004 2 0.7637002500215676 5 15.63111130790032 9.120000000000001 3.7464886920996814 2.88
0.24 0.004 3 0.7740077606025986 5 15.63111130790032 9.120000000000001 3.7464886920996814 2.88
0.24 0.004 4 0.744598015914458 5 15.63111130790032 9.120000000000001 3.7464886920996814 2.88
0.24 0.004 5 0.7720623292437472 5 15.63111130790032 9.120000000000001 3.7464886920996814 2.88
0.24 0.004 6 0.7582546475471778 5 15.63111130790032 9.120000000000001 3.7464886920996814 2.88
0.24 0.004 7 0.741120005464719 5 15.63111130790032 9.120000000000001 3.7464886920996814 2.88
0.24 0.004 8 0.7348024071406611 5 15.63111130790032 9.120000000000001 3.7464886920996814 2.88
0.24 0.004 9 0.7393569335829069 5 15.63111130790032 9.120000000000001 3.7464886920996814 2.88
0.26 0.004 0 0.7354971503369627 5 15.582180957463313 8.88 4.035419042536688 3.12
0.26 0.004 1 0.7663276590158629 5 15.582180957463313 8.88 4.035419042536688 3.12
0.26 0.004 2 0.759009767777272 5 15.582180957463313 8.88 4.035419042536688 3.12
0.26 0.004 3 0.7561736211814241 5 15.582180957463313 8.88 4.035419042536688 3.12
0.26 0.004 4 0.7197452172880706 5 15.582180957463313 8.88 4.035419042536688 3.12
0.26 0.004 5 0.7448554600419518 5 15.582180957463313 8.88 4.035419042536688 3.12
0.26 0.004 6 0.7458400475876936 5 15.582180957463313 8.88 4.035419042536688 3.12
0.26 0.004 7 0.7660642601912419 5 15.582180957463313 8.88 4.035419042536688 3.12
0.26 0.004 8 0.7441840062825504 5 15.582180957463313 8.88 4.035419042536688 3.12
0.26 0.004 9 0.7591981859358276 4 15.582180957463313 8.88 4.035419042536688 3.12
0.3 0.004 0 0.7297443807104773 5 15.464152826657239 8.4 4.575847173342761 3.6
0.3 0.004 1 0.7354188501545745 5 15.464152826657239 8.4 4.575847173342761 3.6
0.3 0.004 2 0.7455194561761072 5 15.464152826657239 8.4 4.575847173342761 3.6
0.3 0.004 3 0.7348094182103949 5 15.464152826657239 8.4 4.575847173342761 3.6
0.3 0.004 4 0.7597368388319002 5 15.464152826657239 8.4 4.575847173342761 3.6
0.3 0.004 5 0.7281527541710595 5 15.464152826657239 8.4 4.575847173342761 3.6
0.3 0.004 6 0.7384716359008586 5 15.464152826657239 8.4 4.575847173342761 3.6
0.3 0.004 7 0.7535644660106638 5 15.464152826657239 8.4 4.575847173342761 3.6
0.3 0.004 8 0.7602228890436735 4 15.464152826657239 8.4 4.575847173342761 3.6
0.3 0.004 9 0.7528618168714089 5 15.464152826657239 8.4 4.575847173342761 3.6
0.18 0.004 0 0.8018169354484309 5 15.715185698308153 9.84 2.8272143016918476 2.16
0.18 0.004 1 0.8318032603283173 3 15.715185698308153 9.84 2.8272143016918476 2.16
0.18 0.004 2 0.7632127800123327 5 15.715185698308153 9.84 2.8272143016918476 2.16
0.18 0.004 3 0.803956823379573 4 15.715185698308153 9.84 2.8272143016918476 2.16
0.18 0.004 4 0.7833127701988364 4 15.715185698308153 9.84 2.8272143016918476 2.16
0.18 0.004 5 0.8110514701042553 3 15.715185698308153 9.84 2.8272143016918476 2.16
0.18 0.004 6 0.8046669658239766 5 15.715185698308153 9.84 2.8272143016918476 2.16
0.18 0.004 7 0.7555165357752396 5 15.715185698308153 9.84 2.8272143016918476 2.16
0.18 0.004 8 0.7890974262479501 5 15.715185698308153 9.84 2.8272143016918476 2.16
0.18 0.004 9 0.7737051601582549 5 15.715185698308153 9.84 2.8272143016918476 2.16
0.28 0.004 0 0.7562270120619301 5 15.525875849378133 8.64 4.312524150621868 3.3600000000000003
0.28 0.004 1 0.74547613905757 5 15.525875849378133 8.64 4.312524150621868 3.3600000000000003
0.28 0.004 2 0.7759131351845077 5 15.525875849378133 8.64 4.312524150621868 3.3600000000000003
0.28 0.004 3 0.7606675704300027 5 15.525875849378133 8.64 4.312524150621868 3.3600000000000003
0.28 0.004 4 0.7789557480148798 5 15.525875849378133 8.64 4.312524150621868 3.3600000000000003
0.28 0.004 5 0.7342968110657874 5 15.525875849378133 8.64 4.312524150621868 3.3600000000000003
0.28 0.004 6 0.7713777958935099 5 15.525875849378133 8.64 4.312524150621868 3.3600000000000003
0.28 0.004 7 0.7569245121024843 5 15.525875849378133 8.64 4.312524150621868 3.3600000000000003
0.28 0.004 8 0.7596848185366886 5 15.525875849378133 8.64 4.312524150621868 3.3600000000000003
0.28 0.004 9 0.7301441760519889 5 15.525875849378133 8.64 4.312524150621868 3.3600000000000003
0.22 0.004 0 0.7660567585876172 5 15.670786216359875 9.36 3.447613783640125 2.64
0.22 0.004 1 0.7476129538531767 5 15.670786216359875 9.36 3.447613783640125 2.64
0.22 0.004 2 0.7400241313295975 5 15.670786216359875 9.36 3.447613783640125 2.64
0.22 0.004 3 0.7615078059912841 5 15.670786216359875 9.36 3.447613783640125 2.64
0.22 0.004 4 0.785281202975716 5 15.670786216359875 9.36 3.447613783640125 2.64
0.22 0.004 5 0.7547957783392022 5 15.670786216359875 9.36 3.447613783640125 2.64
0.22 0.004 6 0.762297188232698 5 15.670786216359875 9.36 3.447613783640125 2.64
0.22 0.004 7 0.8021442218388598 5 15.670786216359875 9.36 3.447613783640125 2.64
0.22 0.004 8 0.7347523878775688 5 15.670786216359875 9.36 3.447613783640125 2.64
0.22 0.004 9 0.7612421317493259 5 15.670786216359875 9.36 3.447613783640125 2.64
0.2 0.004 0 0.7783893138212868 5 15.699394875304465 9.6 3.1406051246955315 2.4
0.2 0.004 1 0.7939749795343167 5 15.699394875304465 9.6 3.1406051246955315 2.4
0.2 0.004 2 0.7689777540049549 5 15.699394875304465 9.6 3.1406051246955315 2.4
0.2 0.004 3 0.7652342541632767 5 15.699394875304465 9.6 3.1406051246955315 2.4
0.2 0.004 4 0.756370422477057 5 15.699394875304465 9.6 3.1406051246955315 2.4
0.2 0.004 5 0.7813946373028086 5 15.699394875304465 9.6 3.1406051246955315 2.4
0.2 0.004 6 0.7608153883600991 5 15.699394875304465 9.6 3.1406051246955315 2.4
0.2 0.004 7 0.7780951543626973 5 15.699394875304465 9.6 3.1406051246955315 2.4
0.2 0.004 8 0.7811069144083154 5 15.699394875304465 9.6 3.1406051246955315 2.4
0.2 0.004 9 0.7583159865263065 5 15.699394875304465 9.6 3.1406051246955315 2.4
0.32 0.004 0 0.7592064660981198 5 15.39904489938954 8.16 4.823355100610457 3.84
0.32 0.004 1 0.7098529719829721 5 15.39904489938954 8.16 4.823355100610457 3.84
0.32 0.004 2 0.7305617876121936 5 15.39904489938954 8.16 4.823355100610457 3.84
0.32 0.004 3 0.7325705835352739 5 15.39904489938954 8.16 4.823355100610457 3.84
0.32 0.004 4 0.7388414383400882 5 15.39904489938954 8.16 4.823355100610457 3.84
0.32 0.004 5 0.7275118962125521 5 15.39904489938954 8.16 4.823355100610457 3.84
0.32 0.004 6 0.7388688981951418 5 15.39904489938954 8.16 4.823355100610457 3.84
0.32 0.004 7 0.7470966643092048 5 15.39904489938954 8.16 4.823355100610457 3.84
0.32 0.004 8 0.7597610454666316 5 15.39904489938954 8.16 4.823355100610457 3.84
0.32 0.004 9 0.770947806202 5 15.39904489938954 8.16 4.823355100610457 3.84
0.4 0.004 0 0.734606493421231 5 15.147263365915503 7.2 5.612736634084499 4.8
0.4 0.004 1 0.7301912358010235 5 15.147263365915503 7.2 5.612736634084499 4.8
0.4 0.004 2 0.7391148609723273 4 15.147263365915503 7.2 5.612736634084499 4.8
0.4 0.004 3 0.7351967535863697 4 15.147263365915503 7.2 5.612736634084499 4.8
0.4 0.004 4 0.7303203921948376 4 15.147263365915503 7.2 5.612736634084499 4.8
0.4 0.004 5 0.7281951379440004 5 15.147263365915503 7.2 5.612736634084499 4.8
0.4 0.004 6 0.7363879285244858 4 15.147263365915503 7.2 5.612736634084499 4.8
0.4 0.004 7 0.6999393461871376 5 15.147263365915503 7.2 5.612736634084499 4.8
0.4 0.004 8 0.7090260858241622 5 15.147263365915503 7.2 5.612736634084499 4.8
0.4 0.004 9 0.7394193771908185 4 15.147263365915503 7.2 5.612736634084499 4.8
0.38 0.004 0 0.7013683608653075 5 15.204619448847925 7.44 5.449780551152075 4.5600000000000005
0.38 0.004 1 0.7167794105695702 5 15.204619448847925 7.44 5.449780551152075 4.5600000000000005
0.38 0.004 2 0.723494422600377 4 15.204619448847925 7.44 5.449780551152075 4.5600000000000005
0.38 0.004 3 0.7068567677618857 4 15.204619448847925 7.44 5.449780551152075 4.5600000000000005
0.38 0.004 4 0.7189504293316721 4 15.204619448847925 7.44 5.449780551152075 4.5600000000000005
0.38 0.004 5 0.7197199114787513 5 15.204619448847925 7.44 5.449780551152075 4.5600000000000005
0.38 0.004 6 0.7168420605634348 4 15.204619448847925 7.44 5.449780551152075 4.5600000000000005
0.38 0.004 7 0.6998688197577869 5 15.204619448847925 7.44 5.449780551152075 4.5600000000000005
0.38 0.004 8 0.6874275407791703 5 15.204619448847925 7.44 5.449780551152075 4.5600000000000005
0.38 0.004 9 0.704775312489396 5 15.204619448847925 7.44 5.449780551152075 4.5600000000000005
0.36 0.004 0 0.7455226205974057 5 15.267123748019516 7.68 5.262476251980487 4.32
0.36 0.004 1 0.7536168880174134 4 15.267123748019516 7.68 5.262476251980487 4.32
0.36 0.004 2 0.7001260458465287 5 15.267123748019516 7.68 5.262476251980487 4.32
0.36 0.004 3 0.7359393809034186 5 15.267123748019516 7.68 5.262476251980487 4.32
0.36 0.004 4 0.7555157225357242 4 15.267123748019516 7.68 5.262476251980487 4.32
0.36 0.004 5 0.7472963282521066 5 15.267123748019516 7.68 5.262476251980487 4.32
0.36 0.004 6 0.7419874536134496 4 15.267123748019516 7.68 5.262476251980487 4.32
0.36 0.004 7 0.7432619447749635 5 15.267123748019516 7.68 5.262476251980487 4.32
0.36 0.004 8 0.7464868722055772 4 15.267123748019516 7.68 5.262476251980487 4.32
0.36 0.004 9 0.7326132969603719 5 15.267123748019516 7.68 5.262476251980487 4.32
0.52 0.004 0 0.7142891521018898 4 15.00637843584135 6.24 5.984021564158652 5.76
0.52 0.004 1 0.732445868387479 5 15.00637843584135 6.24 5.984021564158652 5.76
0.52 0.004 2 0.7382142733954148 4 15.00637843584135 6.24 5.984021564158652 5.76
0.52 0.004 3 0.6997467679352829 4 15.00637843584135 6.24 5.984021564158652 5.76
0.52 0.004 4 0.7097654460767044 4 15.00637843584135 6.24 5.984021564158652 5.76
0.52 0.004 5 0.7156039754319193 5 15.00637843584135 6.24 5.984021564158652 5.76
0.52 0.004 6 0.7188988105988525 5 15.00637843584135 6.24 5.984021564158652 5.76
0.52 0.004 7 0.7340199076092034 4 15.00637843584135 6.24 5.984021564158652 5.76
0.52 0.004 8 0.7029183576395738 4 15.00637843584135 6.24 5.984021564158652 5.76
0.52 0.004 9 0.6947485256264994 4 15.00637843584135 6.24 5.984021564158652 5.76
0.54 0.004 0 0.7380110037147833 4 15.025257512178987 6.48 5.936342487821016 5.5200000000000005
0.54 0.004 1 0.742874079303676 4 15.025257512178987 6.48 5.936342487821016 5.5200000000000005
0.54 0.004 2 0.7461065676558455 4 15.025257512178987 6.48 5.936342487821016 5.5200000000000005
0.54 0.004 3 0.7259540601168852 4 15.025257512178987 6.48 5.936342487821016 5.5200000000000005
0.54 0.004 4 0.7286963691447816 4 15.025257512178987 6.48 5.936342487821016 5.5200000000000005
0.54 0.004 5 0.7027453979427399 4 15.025257512178987 6.48 5.936342487821016 5.5200000000000005
0.54 0.004 6 0.7132763639304225 5 15.025257512178987 6.48 5.936342487821016 5.5200000000000005
0.54 0.004 7 0.7276574976065262 5 15.025257512178987 6.48 5.936342487821016 5.5200000000000005
0.54 0.004 8 0.6862238394103757 5 15.025257512178987 6.48 5.936342487821016 5.5200000000000005
0.54 0.004 9 0.7005757244146238 5 15.025257512178987 6.48 5.936342487821016 5.5200000000000005
0.44 0.004 0 0.7094728382380996 5 15.05588700504785 6.720000000000001 5.857712994952151 5.28
0.44 0.004 1 0.728700604951725 4 15.05588700504785 6.720000000000001 5.857712994952151 5.28
0.44 0.004 2 0.7284185638908567 4 15.05588700504785 6.720000000000001 5.857712994952151 5.28
0.44 0.004 3 0.7315680555970164 5 15.05588700504785 6.720000000000001 5.857712994952151 5.28
0.44 0.004 4 0.7348461406027689 4 15.05588700504785 6.720000000000001 5.857712994952151 5.28
0.44 0.004 5 0.7414284427187083 5 15.05588700504785 6.720000000000001 5.857712994952151 5.28
0.44 0.004 6 0.7300237631940996 4 15.05588700504785 6.720000000000001 5.857712994952151 5.28
0.44 0.004 7 0.7350467659221286 4 15.05588700504785 6.720000000000001 5.857712994952151 5.28
0.44 0.004 8 0.7311519844457158 4 15.05588700504785 6.720000000000001 5.857712994952151 5.28
0.44 0.004 9 0.7500043399749037 4 15.05588700504785 6.720000000000001 5.857712994952151 5.28
0.46 0.004 0 0.7168080509567226 4 15.025257512178984 6.48 5.936342487821015 5.5200000000000005
0.46 0.004 1 0.7320974376906992 4 15.025257512178984 6.48 5.936342487821015 5.5200000000000005
0.46 0.004 2 0.7150414137871604 4 15.025257512178984 6.48 5.936342487821015 5.5200000000000005
0.46 0.004 3 0.7155121855525168 4 15.025257512178984 6.48 5.936342487821015 5.5200000000000005
0.46 0.004 4 0.7249867980950317 4 15.025257512178984 6.48 5.936342487821015 5.5200000000000005
0.46 0.004 5 0.7019091538897316 5 15.025257512178984 6.48 5.936342487821015 5.5200000000000005
0.46 0.004 6 0.718817479565732 4 15.025257512178984 6.48 5.936342487821015 5.5200000000000005
0.46 0.004 7 0.7284097011046915 4 15.025257512178984 6.48 5.936342487821015 5.5200000000000005
0.46 0.004 8 0.7117951594318473 5 15.025257512178984 6.48 5.936342487821015 5.5200000000000005
0.46 0.004 9 0.7328284189719798 5 15.025257512178984 6.48 5.936342487821015 5.5200000000000005
0.5 0.004 0 0.7397768880465032 5 15.0 6.0 6.0 6.0
0.5 0.004 1 0.715346971849174 4 15.0 6.0 6.0 6.0
0.5 0.004 2 0.7312437765731664 5 15.0 6.0 6.0 6.0
0.5 0.004 3 0.7020078968725832 5 15.0 6.0 6.0 6.0
0.5 0.004 4 0.7423589505228181 4 15.0 6.0 6.0 6.0
0.5 0.004 5 0.7068873007204165 4 15.0 6.0 6.0 6.0
0.5 0.004 6 0.7258135219977175 5 15.0 6.0 6.0 6.0
0.5 0.004 7 0.7157460730653146 5 15.0 6.0 6.0 6.0
0.5 0.004 8 0.7431769425918124 5 15.0 6.0 6.0 6.0
0.5 0.004 9 0.7226519332784215 4 15.0 6.0 6.0 6.0
0.48 0.004 0 0.7263798123396502 5 15.00637843584135 6.24 5.984021564158651 5.76
0.48 0.004 1 0.7119093876682111 4 15.00637843584135 6.24 5.984021564158651 5.76
0.48 0.004 2 0.730398530202595 4 15.00637843584135 6.24 5.984021564158651 5.76
0.48 0.004 3 0.7016801432481653 4 15.00637843584135 6.24 5.984021564158651 5.76
0.48 0.004 4 0.7242419352527757 4 15.00637843584135 6.24 5.984021564158651 5.76
0.48 0.004 5 0.7145730832493757 5 15.00637843584135 6.24 5.984021564158651 5.76
0.48 0.004 6 0.7148705861095304 5 15.00637843584135 6.24 5.984021564158651 5.76
0.48 0.004 7 0.7042315261595731 4 15.00637843584135 6.24 5.984021564158651 5.76
0.48 0.004 8 0.6882299546617134 5 15.00637843584135 6.24 5.984021564158651 5.76
0.48 0.004 9 0.705700050452318 5 15.00637843584135 6.24 5.984021564158651 5.76
0.34 0.004 0 0.7395253104311164 5 15.332652573761235 7.919999999999999 5.052947426238765 4.080000000000001
0.34 0.004 1 0.7561061140017826 5 15.332652573761235 7.919999999999999 5.052947426238765 4.080000000000001
0.34 0.004 2 0.727518232107309 5 15.332652573761235 7.919999999999999 5.052947426238765 4.080000000000001
0.34 0.004 3 0.7458470711903366 4 15.332652573761235 7.919999999999999 5.052947426238765 4.080000000000001
0.34 0.004 4 0.7324469366665805 5 15.332652573761235 7.919999999999999 5.052947426238765 4.080000000000001
0.34 0.004 5 0.7505321340455838 4 15.332652573761235 7.919999999999999 5.052947426238765 4.080000000000001
0.34 0.004 6 0.7381610835533544 5 15.332652573761235 7.919999999999999 5.052947426238765 4.080000000000001
0.34 0.004 7 0.7461560151463766 4 15.332652573761235 7.919999999999999 5.052947426238765 4.080000000000001
0.34 0.004 8 0.741614729879483 5 15.332652573761235 7.919999999999999 5.052947426238765 4.080000000000001
0.34 0.004 9 0.7330209362042696 5 15.332652573761235 7.919999999999999 5.052947426238765 4.080000000000001
0.42 0.004 0 0.7181371154559972 5 15.097074760838163 6.960000000000001 5.749325239161836 5.04
0.42 0.004 1 0.7375516856155143 5 15.097074760838163 6.960000000000001 5.749325239161836 5.04
0.42 0.004 2 0.736860852099088 4 15.097074760838163 6.960000000000001 5.749325239161836 5.04
0.42 0.004 3 0.7223249697997501 5 15.097074760838163 6.960000000000001 5.749325239161836 5.04
0.42 0.004 4 0.7285521832777285 5 15.097074760838163 6.960000000000001 5.749325239161836 5.04
0.42 0.004 5 0.7312123118909223 4 15.097074760838163 6.960000000000001 5.749325239161836 5.04
0.42 0.004 6 0.7197304660062561 4 15.097074760838163 6.960000000000001 5.749325239161836 5.04
0.42 0.004 7 0.7138303365017512 4 15.097074760838163 6.960000000000001 5.749325239161836 5.04
0.42 0.004 8 0.7238971525868564 5 15.097074760838163 6.960000000000001 5.749325239161836 5.04
0.42 0.004 9 0.7201648347097658 5 15.097074760838163 6.960000000000001 5.749325239161836 5.04
0.58 0.004 0 0.7269500772958714 5 15.097074760838163 6.959999999999999 5.749325239161837 5.040000000000001
0.58 0.004 1 0.7308496838251306 4 15.097074760838163 6.959999999999999 5.749325239161837 5.040000000000001
0.58 0.004 2 0.7202223112390522 5 15.097074760838163 6.959999999999999 5.749325239161837 5.040000000000001
0.58 0.004 3 0.7084461541293523 5 15.097074760838163 6.959999999999999 5.749325239161837 5.040000000000001
0.58 0.004 4 0.7197599677765135 4 15.097074760838163 6.959999999999999 5.749325239161837 5.040000000000001
0.58 0.004 5 0.7283521231636989 4 15.097074760838163 6.959999999999999 5.749325239161837 5.040000000000001
0.58 0.004 6 0.7331943488061996 4 15.097074760838163 6.959999999999999 5.749325239161837 5.040000000000001
0.58 0.004 7 0.7438073888232252 4 15.097074760838163 6.959999999999999 5.749325239161837 5.040000000000001
0.58 0.004 8 0.7246725684733527 5 15.097074760838163 6.959999999999999 5.749325239161837 5.040000000000001
0.58 0.004 9 0.7393376564552893 5 15.097074760838163 6.959999999999999 5.749325239161837 5.040000000000001
0.6 0.004 0 0.7312125659292215 5 15.147263365915503 7.2 5.612736634084499 4.8
0.6 0.004 1 0.7321276437390515 4 15.147263365915503 7.2 5.612736634084499 4.8
0.6 0.004 2 0.7304448752437112 4 15.147263365915503 7.2 5.612736634084499 4.8
0.6 0.004 3 0.7448807508989453 5 15.147263365915503 7.2 5.612736634084499 4.8
0.6 0.004 4 0.7440920079062469 5 15.147263365915503 7.2 5.612736634084499 4.8
0.6 0.004 5 0.7052851122334283 5 15.147263365915503 7.2 5.612736634084499 4.8
0.6 0.004 6 0.734262459954068 5 15.147263365915503 7.2 5.612736634084499 4.8
0.6 0.004 7 0.7264421321973424 4 15.147263365915503 7.2 5.612736634084499 4.8
0.6 0.004 8 0.7349457558600538 5 15.147263365915503 7.2 5.612736634084499 4.8
0.6 0.004 9 0.7572368687028129 5 15.147263365915503 7.2 5.612736634084499 4.8
0.62 0.004 0 0.730048114485122 5 15.204619448847925 7.44 5.449780551152075 4.5600000000000005
0.62 0.004 1 0.7197005698877598 5 15.204619448847925 7.44 5.449780551152075 4.5600000000000005
0.62 0.004 2 0.7418022130294857 5 15.204619448847925 7.44 5.449780551152075 4.5600000000000005
0.62 0.004 3 0.7296973485839854 4 15.204619448847925 7.44 5.449780551152075 4.5600000000000005
0.62 0.004 4 0.7287506040541086 5 15.204619448847925 7.44 5.449780551152075 4.5600000000000005
0.62 0.004 5 0.7381037125140186 4 15.204619448847925 7.44 5.449780551152075 4.5600000000000005
0.62 0.004 6 0.7268627351404021 5 15.204619448847925 7.44 5.449780551152075 4.5600000000000005
0.62 0.004 7 0.7178797818387287 5 15.204619448847925 7.44 5.449780551152075 4.5600000000000005
0.62 0.004 8 0.7489027312929408 5 15.204619448847925 7.44 5.449780551152075 4.5600000000000005
0.62 0.004 9 0.7056293053854685 4 15.204619448847925 7.44 5.449780551152075 4.5600000000000005
0.56 0.004 0 0.7066098771529696 4 15.05588700504785 6.720000000000001 5.857712994952149 5.279999999999999
0.56 0.004 1 0.7109110587461472 5 15.05588700504785 6.720000000000001 5.857712994952149 5.279999999999999
0.56 0.004 2 0.7540429025697097 4 15.05588700504785 6.720000000000001 5.857712994952149 5.279999999999999
0.56 0.004 3 0.750974770676645 5 15.05588700504785 6.720000000000001 5.857712994952149 5.279999999999999
0.56 0.004 4 0.7332450467885746 4 15.05588700504785 6.720000000000001 5.857712994952149 5.279999999999999
0.56 0.004 5 0.7435997597686558 5 15.05588700504785 6.720000000000001 5.857712994952149 5.279999999999999
0.56 0.004 6 0.7459070808915227 4 15.05588700504785 6.720000000000001 5.857712994952149 5.279999999999999
0.56 0.004 7 0.7667156238544658 5 15.05588700504785 6.720000000000001 5.857712994952149 5.279999999999999
0.56 0.004 8 0.7398835455290553 5 15.05588700504785 6.720000000000001 5.857712994952149 5.279999999999999
0.56 0.004 9 0.732312294455637 5 15.05588700504785 6.720000000000001 5.857712994952149 5.279999999999999
0.64 0.004 0 0.7366505789865745 5 15.267123748019516 7.68 5.262476251980487 4.32
0.64 0.004 1 0.7438741372098121 5 15.267123748019516 7.68 5.262476251980487 4.32
0.64 0.004 2 0.7300216439429732 5 15.267123748019516 7.68 5.262476251980487 4.32
0.64 0.004 3 0.742984513882163 5 15.267123748019516 7.68 5.262476251980487 4.32
0.64 0.004 4 0.739410743715468 5 15.267123748019516 7.68 5.262476251980487 4.32
0.64 0.004 5 0.7476868096712788 5 15.267123748019516 7.68 5.262476251980487 4.32
0.64 0.004 6 0.7407794433611629 5 15.267123748019516 7.68 5.262476251980487 4.32
0.64 0.004 7 0.7363205718052015 5 15.267123748019516 7.68 5.262476251980487 4.32
0.64 0.004 8 0.7152591076026431 5 15.267123748019516 7.68 5.262476251980487 4.32
0.64 0.004 9 0.7160238381562433 4 15.267123748019516 7.68 5.262476251980487 4.32
0.66 0.004 0 0.7528570431389551 4 15.332652573761235 7.92 5.052947426238763 4.08
0.66 0.004 1 0.7361293590790216 5 15.332652573761235 7.92 5.052947426238763 4.08
0.66 0.004 2 0.7014178169462539 5 15.332652573761235 7.92 5.052947426238763 4.08
0.66 0.004 3 0.7484436030930018 5 15.332652573761235 7.92 5.052947426238763 4.08
0.66 0.004 4 0.748371662007963 5 15.332652573761235 7.92 5.052947426238763 4.08
0.66 0.004 5 0.7126997151676832 5 15.332652573761235 7.92 5.052947426238763 4.08
0.66 0.004 6 0.7352011546387516 5 15.332652573761235 7.92 5.052947426238763 4.08
0.66 0.004 7 0.7365584089613305 5 15.332652573761235 7.92 5.052947426238763 4.08
0.66 0.004 8 0.7455143949849619 5 15.332652573761235 7.92 5.052947426238763 4.08
0.66 0.004 9 0.7442705343929721 5 15.332652573761235 7.92 5.052947426238763 4.08
0.68 0.004 0 0.7342380621150323 5 15.39904489938954 8.160000000000002 4.823355100610457 3.8399999999999994
0.68 0.004 1 0.7554871120697954 5 15.39904489938954 8.160000000000002 4.823355100610457 3.8399999999999994
0.68 0.004 2 0.7243048762341534 5 15.39904489938954 8.160000000000002 4.823355100610457 3.8399999999999994
0.68 0.004 3 0.716853633385505 5 15.39904489938954 8.160000000000002 4.823355100610457 3.8399999999999994
0.68 0.004 4 0.7487685430006931 5 15.39904489938954 8.160000000000002 4.823355100610457 3.8399999999999994
0.68 0.004 5 0.7628070055575377 5 15.39904489938954 8.160000000000002 4.823355100610457 3.8399999999999994
0.68 0.004 6 0.7417390607943931 5 15.39904489938954 8.160000000000002 4.823355100610457 3.8399999999999994
0.68 0.004 7 0.748542769725594 5 15.39904489938954 8.160000000000002 4.823355100610457 3.8399999999999994
0.68 0.004 8 0.7384489797750194 4 15.39904489938954 8.160000000000002 4.823355100610457 3.8399999999999994
0.68 0.004 9 0.7367026297324114 5 15.39904489938954 8.160000000000002 4.823355100610457 3.8399999999999994
0.7 0.004 0 0.744107924517562 4 15.464152826657239 8.4 4.575847173342761 3.6000000000000005
0.7 0.004 1 0.771578508924549 5 15.464152826657239 8.4 4.575847173342761 3.6000000000000005
0.7 0.004 2 0.7219762889287382 5 15.464152826657239 8.4 4.575847173342761 3.6000000000000005
0.7 0.004 3 0.6973781776345834 5 15.464152826657239 8.4 4.575847173342761 3.6000000000000005
0.7 0.004 4 0.7370933896762106 5 15.464152826657239 8.4 4.575847173342761 3.6000000000000005
0.7 0.004 5 0.7631189989901674 5 15.464152826657239 8.4 4.575847173342761 3.6000000000000005
0.7 0.004 6 0.7113036485709378 5 15.464152826657239 8.4 4.575847173342761 3.6000000000000005
0.7 0.004 7 0.7484112471367382 5 15.464152826657239 8.4 4.575847173342761 3.6000000000000005
0.7 0.004 8 0.7500433306018786 5 15.464152826657239 8.4 4.575847173342761 3.6000000000000005
0.7 0.004 9 0.7406324352373349 5 15.464152826657239 8.4 4.575847173342761 3.6000000000000005
0.72 0.004 0 0.7396880145287217 5 15.525875849378133 8.64 4.312524150621869 3.3600000000000003
0.72 0.004 1 0.7252056997187012 5 15.525875849378133 8.64 4.312524150621869 3.3600000000000003
0.72 0.004 2 0.7324027358182759 5 15.525875849378133 8.64 4.312524150621869 3.3600000000000003
0.72 0.004 3 0.7674015782885365 4 15.525875849378133 8.64 4.312524150621869 3.3600000000000003
0.72 0.004 4 0.7583471536064081 5 15.525875849378133 8.64 4.312524150621869 3.3600000000000003
0.72 0.004 5 0.7413064784482429 5 15.525875849378133 8.64 4.312524150621869 3.3600000000000003
0.72 0.004 6 0.7231217638254128 5 15.525875849378133 8.64 4.312524150621869 3.3600000000000003
0.72 0.004 7 0.7504940001716937 5 15.525875849378133 8.64 4.312524150621869 3.3600000000000003
0.72 0.004 8 0.731651405990673 5 15.525875849378133 8.64 4.312524150621869 3.3600000000000003
0.72 0.004 9 0.7386117762470762 5 15.525875849378133 8.64 4.312524150621869 3.3600000000000003
0.74 0.004 0 0.7705786545284073 5 15.582180957463313 8.88 4.035419042536688 3.12
0.74 0.004 1 0.7488969807145144 5 15.582180957463313 8.88 4.035419042536688 3.12
0.74 0.004 2 0.7567153160290123 5 15.582180957463313 8.88 4.035419042536688 3.12
0.74 0.004 3 0.7653767936956241 5 15.582180957463313 8.88 4.035419042536688 3.12
0.74 0.004 4 0.7289401429506701 5 15.582180957463313 8.88 4.035419042536688 3.12
0.74 0.004 5 0.7618774456191679 5 15.582180957463313 8.88 4.035419042536688 3.12
0.74 0.004 6 0.7733564363894989 4 15.582180957463313 8.88 4.035419042536688 3.12
0.74 0.004 7 0.7778492332725405 5 15.582180957463313 8.88 4.035419042536688 3.12
0.74 0.004 8 0.740056794340038 5 15.582180957463313 8.88 4.035419042536688 3.12
0.74 0.004 9 0.7501283595795828 5 15.582180957463313 8.88 4.035419042536688 3.12
0.76 0.004 0 0.7760002366305041 5 15.631111307900321 9.120000000000001 3.74648869209968 2.88
0.76 0.004 1 0.7458969822735556 5 15.631111307900321 9.120000000000001 3.74648869209968 2.88
0.76 0.004 2 0.759006867096674 5 15.631111307900321 9.120000000000001 3.74648869209968 2.88
0.76 0.004 3 0.729440704755791 5 15.631111307900321 9.120000000000001 3.74648869209968 2.88
0.76 0.004 4 0.761607580820847 5 15.631111307900321 9.120000000000001 3.74648869209968 2.88
0.76 0.004 5 0.7302536009704399 5 15.631111307900321 9.120000000000001 3.74648869209968 2.88
0.76 0.004 6 0.7382958142046976 5 15.631111307900321 9.120000000000001 3.74648869209968 2.88
0.76 0.004 7 0.7703876399810056 5 15.631111307900321 9.120000000000001 3.74648869209968 2.88
0.76 0.004 8 0.7501162360043278 5 15.631111307900321 9.120000000000001 3.74648869209968 2.88
0.76 0.004 9 0.7617671289478332 4 15.631111307900321 9.120000000000001 3.74648869209968 2.88
0.78 0.004 0 0.7499192807179564 5 15.670786216359875 9.36 3.447613783640125 2.6399999999999997
0.78 0.004 1 0.7580130740607559 5 15.670786216359875 9.36 3.447613783640125 2.6399999999999997
0.78 0.004 2 0.7775871148375232 5 15.670786216359875 9.36 3.447613783640125 2.6399999999999997
0.78 0.004 3 0.7676057375925602 5 15.670786216359875 9.36 3.447613783640125 2.6399999999999997
0.78 0.004 4 0.7821829336410357 5 15.670786216359875 9.36 3.447613783640125 2.6399999999999997
0.78 0.004 5 0.7391385350847491 5 15.670786216359875 9.36 3.447613783640125 2.6399999999999997
0.78 0.004 6 0.7555378555663895 5 15.670786216359875 9.36 3.447613783640125 2.6399999999999997
0.78 0.004 7 0.781476851302203 5 15.670786216359875 9.36 3.447613783640125 2.6399999999999997
0.78 0.004 8 0.7861779752579187 5 15.670786216359875 9.36 3.447613783640125 2.6399999999999997
0.78 0.004 9 0.7565140112017424 5 15.670786216359875 9.36 3.447613783640125 2.6399999999999997
0.8 0.004 0 0.7758743690775423 5 15.699394875304465 9.6 3.1406051246955315 2.3999999999999995
0.8 0.004 1 0.7393454881811495 5 15.699394875304465 9.6 3.1406051246955315 2.3999999999999995
0.8 0.004 2 0.7677810220796599 5 15.699394875304465 9.6 3.1406051246955315 2.3999999999999995
0.8 0.004 3 0.7838899673068861 5 15.699394875304465 9.6 3.1406051246955315 2.3999999999999995
0.8 0.004 4 0.7592350985141566 5 15.699394875304465 9.6 3.1406051246955315 2.3999999999999995
0.8 0.004 5 0.7808807587239924 5 15.699394875304465 9.6 3.1406051246955315 2.3999999999999995
0.8 0.004 6 0.7764369693211275 5 15.699394875304465 9.6 3.1406051246955315 2.3999999999999995
0.8 0.004 7 0.7528343872476517 5 15.699394875304465 9.6 3.1406051246955315 2.3999999999999995
0.8 0.004 8 0.8031354035586349 5 15.699394875304465 9.6 3.1406051246955315 2.3999999999999995
0.8 0.004 9 0.787845853472705 5 15.699394875304465 9.6 3.1406051246955315 2.3999999999999995
0.82 0.004 0 0.8007337058331698 5 15.71518569830815 9.84 2.827214301691849 2.1600000000000006
0.82 0.004 1 0.786806171541498 5 15.71518569830815 9.84 2.827214301691849 2.1600000000000006
0.82 0.004 2 0.7579056997554445 5 15.71518569830815 9.84 2.827214301691849 2.1600000000000006
0.82 0.004 3 0.7898981571016055 5 15.71518569830815 9.84 2.827214301691849 2.1600000000000006
0.82 0.004 4 0.7842539841599588 5 15.71518569830815 9.84 2.827214301691849 2.1600000000000006
0.82 0.004 5 0.7931866621225723 5 15.71518569830815 9.84 2.827214301691849 2.1600000000000006
0.82 0.004 6 0.8209514879968561 5 15.71518569830815 9.84 2.827214301691849 2.1600000000000006
0.82 0.004 7 0.7843948345201128 5 15.71518569830815 9.84 2.827214301691849 2.1600000000000006
0.82 0.004 8 0.7950427168347165 5 15.71518569830815 9.84 2.827214301691849 2.1600000000000006
0.82 0.004 9 0.8257624438366489 3 15.71518569830815 9.84 2.827214301691849 2.1600000000000006
0.86 0.004 0 0.84597031763355 4 15.701519535395859 10.32 2.188080464604143 1.6800000000000002
0.86 0.004 1 0.812636569398817 5 15.701519535395859 10.32 2.188080464604143 1.6800000000000002
0.86 0.004 2 0.8367027330044453 4 15.701519535395859 10.32 2.188080464604143 1.6800000000000002
0.86 0.004 3 0.8531568162926648 3 15.701519535395859 10.32 2.188080464604143 1.6800000000000002
0.86 0.004 4 0.7870151923381856 5 15.701519535395859 10.32 2.188080464604143 1.6800000000000002
0.86 0.004 5 0.8198480654415928 5 15.701519535395859 10.32 2.188080464604143 1.6800000000000002
0.86 0.004 6 0.8246156372055998 5 15.701519535395859 10.32 2.188080464604143 1.6800000000000002
0.86 0.004 7 0.8234152643727044 4 15.701519535395859 10.32 2.188080464604143 1.6800000000000002
0.86 0.004 8 0.7934292296128987 5 15.701519535395859 10.32 2.188080464604143 1.6800000000000002
0.86 0.004 9 0.815963511518703 4 15.701519535395859 10.32 2.188080464604143 1.6800000000000002
0.84 0.004 0 0.8247642274747312 5 15.716452661974282 10.08 2.5091473380257203 1.9200000000000006
0.84 0.004 1 0.8119853353662202 5 15.716452661974282 10.08 2.5091473380257203 1.9200000000000006
0.84 0.004 2 0.8067740324853058 5 15.716452661974282 10.08 2.5091473380257203 1.9200000000000006
0.84 0.004 3 0.8232818394999987 5 15.716452661974282 10.08 2.5091473380257203 1.9200000000000006
0.84 0.004 4 0.7809031434602844 5 15.716452661974282 10.08 2.5091473380257203 1.9200000000000006
0.84 0.004 5 0.8218266098174797 4 15.716452661974282 10.08 2.5091473380257203 1.9200000000000006
0.84 0.004 6 0.8335902155449296 4 15.716452661974282 10.08 2.5091473380257203 1.9200000000000006
0.84 0.004 7 0.8054860957069889 5 15.716452661974282 10.08 2.5091473380257203 1.9200000000000006
0.84 0.004 8 0.7956068086465581 5 15.716452661974282 10.08 2.5091473380257203 1.9200000000000006
0.84 0.004 9 0.7889055839800707 5 15.716452661974282 10.08 2.5091473380257203 1.9200000000000006
0.92 0.004 0 0.9070671462737903 4 15.54282801268334 11.040000000000001 1.2235719873166573 0.9599999999999995
0.92 0.004 1 0.892743582873544 4 15.54282801268334 11.040000000000001 1.2235719873166573 0.9599999999999995
0.92 0.004 2 0.9048885895480381 3 15.54282801268334 11.040000000000001 1.2235719873166573 0.9599999999999995
0.92 0.004 3 0.882395174525717 4 15.54282801268334 11.040000000000001 1.2235719873166573 0.9599999999999995
0.92 0.004 4 0.6777885443492255 5 15.54282801268334 11.040000000000001 1.2235719873166573 0.9599999999999995
0.92 0.004 5 0.8912668691837029 4 15.54282801268334 11.040000000000001 1.2235719873166573 0.9599999999999995
0.92 0.004 6 0.9030572657065619 3 15.54282801268334 11.040000000000001 1.2235719873166573 0.9599999999999995
0.92 0.004 7 0.8935239561995483 4 15.54282801268334 11.040000000000001 1.2235719873166573 0.9599999999999995
0.92 0.004 8 0.8851054522464858 4 15.54282801268334 11.040000000000001 1.2235719873166573 0.9599999999999995
0.92 0.004 9 0.9057104613419655 3 15.54282801268334 11.040000000000001 1.2235719873166573 0.9599999999999995
0.94 0.004 0 0.9200783748967928 4 15.446285902042867 11.28 0.9073140979571318 0.7200000000000008
0.94 0.004 1 0.688944916977924 5 15.446285902042867 11.28 0.9073140979571318 0.7200000000000008
0.94 0.004 2 0.9199542298230141 3 15.446285902042867 11.28 0.9073140979571318 0.7200000000000008
0.94 0.004 3 0.692016184441129 5 15.446285902042867 11.28 0.9073140979571318 0.7200000000000008
0.94 0.004 4 0.916022560817854 4 15.446285902042867 11.28 0.9073140979571318 0.7200000000000008
0.94 0.004 5 0.904283203991254 4 15.446285902042867 11.28 0.9073140979571318 0.7200000000000008
0.94 0.004 6 0.9104752833856763 4 15.446285902042867 11.28 0.9073140979571318 0.7200000000000008
0.94 0.004 7 0.9332693674621138 3 15.446285902042867 11.28 0.9073140979571318 0.7200000000000008
0.94 0.004 8 0.6963420234003487 5 15.446285902042867 11.28 0.9073140979571318 0.7200000000000008
0.94 0.004 9 0.913517542177069 3 15.446285902042867 11.28 0.9073140979571318 0.7200000000000008
0.88 0.004 0 0.8462270102586724 4 15.6687224755122 10.56 1.8656775244878048 1.44
0.88 0.004 1 0.7340867648385482 5 15.6687224755122 10.56 1.8656775244878048 1.44
0.88 0.004 2 0.7730130492117221 5 15.6687224755122 10.56 1.8656775244878048 1.44
0.88 0.004 3 0.8448210913617279 4 15.6687224755122 10.56 1.8656775244878048 1.44
0.88 0.004 4 0.8294751548928049 4 15.6687224755122 10.56 1.8656775244878048 1.44
0.88 0.004 5 0.8331655479597838 4 15.6687224755122 10.56 1.8656775244878048 1.44
0.88 0.004 6 0.8504506668550614 5 15.6687224755122 10.56 1.8656775244878048 1.44
0.88 0.004 7 0.8416718247900475 4 15.6687224755122 10.56 1.8656775244878048 1.44
0.88 0.004 8 0.8743748599655768 3 15.6687224755122 10.56 1.8656775244878048 1.44
0.88 0.004 9 0.740909061094153 5 15.6687224755122 10.56 1.8656775244878048 1.44
0.9 0.004 0 0.8921380230694586 3 15.61639112045372 10.8 1.5436088795462766 1.1999999999999997
0.9 0.004 1 0.8471481143097505 4 15.61639112045372 10.8 1.5436088795462766 1.1999999999999997
0.9 0.004 2 0.8861230459959277 3 15.61639112045372 10.8 1.5436088795462766 1.1999999999999997
0.9 0.004 3 0.6996609461595611 5 15.61639112045372 10.8 1.5436088795462766 1.1999999999999997
0.9 0.004 4 0.6902748220580431 5 15.61639112045372 10.8 1.5436088795462766 1.1999999999999997
0.9 0.004 5 0.8561273339618409 4 15.61639112045372 10.8 1.5436088795462766 1.1999999999999997
0.9 0.004 6 0.8028744846136392 5 15.61639112045372 10.8 1.5436088795462766 1.1999999999999997
0.9 0.004 7 0.7369852863107355 5 15.61639112045372 10.8 1.5436088795462766 1.1999999999999997
0.9 0.004 8 0.8672286382240353 4 15.61639112045372 10.8 1.5436088795462766 1.1999999999999997
0.9 0.004 9 0.8472306177224239 4 15.61639112045372 10.8 1.5436088795462766 1.1999999999999997
0.96 0.004 0 0.6935101572461251 5 15.32494218222326 11.52 0.5966578177767379 0.4800000000000005
0.96 0.004 1 0.9374461650634982 4 15.32494218222326 11.52 0.5966578177767379 0.4800000000000005
0.96 0.004 2 0.6859726167276602 5 15.32494218222326 11.52 0.5966578177767379 0.4800000000000005
0.96 0.004 3 0.678823950821283 5 15.32494218222326 11.52 0.5966578177767379 0.4800000000000005
0.96 0.004 4 0.9559225513670011 4 15.32494218222326 11.52 0.5966578177767379 0.4800000000000005
0.96 0.004 5 0.9338073174295293 4 15.32494218222326 11.52 0.5966578177767379 0.4800000000000005
0.96 0.004 6 0.6781888310277289 5 15.32494218222326 11.52 0.5966578177767379 0.4800000000000005
0.96 0.004 7 0.9299596132220597 4 15.32494218222326 11.52 0.5966578177767379 0.4800000000000005
0.96 0.004 8 0.9366658561691853 4 15.32494218222326 11.52 0.5966578177767379 0.4800000000000005
0.96 0.004 9 0.9436868998184789 4 15.32494218222326 11.52 0.5966578177767379 0.4800000000000005
0.98 0.004 0 0.6899589961307732 5 15.176869361104405 11.76 0.2935306388955968 0.24000000000000024
0.98 0.004 1 0.6827753751797595 5 15.176869361104405 11.76 0.2935306388955968 0.24000000000000024
0.98 0.004 2 0.9440481974856472 4 15.176869361104405 11.76 0.2935306388955968 0.24000000000000024
0.98 0.004 3 0.9417537306603998 4 15.176869361104405 11.76 0.2935306388955968 0.24000000000000024
0.98 0.004 4 0.8110325770164244 4 15.176869361104405 11.76 0.2935306388955968 0.24000000000000024
0.98 0.004 5 0.6817573512045922 5 15.176869361104405 11.76 0.2935306388955968 0.24000000000000024
0.98 0.004 6 0.6793657150103033 5 15.176869361104405 11.76 0.2935306388955968 0.24000000000000024
0.98 0.004 7 0.6791090418523168 5 15.176869361104405 11.76 0.2935306388955968 0.24000000000000024
0.98 0.004 8 0.9340424332066366 4 15.176869361104405 11.76 0.2935306388955968 0.24000000000000024
0.98 0.004 9 0.6744594976844815 5 15.176869361104405 11.76 0.2935306388955968 0.24000000000000024
1.0 0.004 0 1.0 2 15.0 12.0
1.0 0.004 1 0.9967542824401028 3 15.0 12.0
1.0 0.004 2 0.9958427965811439 3 15.0 12.0
1.0 0.004 3 0.6731369735684366 5 15.0 12.0
1.0 0.004 4 0.9978341658283101 2 15.0 12.0
1.0 0.004 5 0.9956684119896018 2 15.0 12.0
1.0 0.004 6 0.9909925650356484 3 15.0 12.0
1.0 0.004 7 0.9978341658283101 2 15.0 12.0
1.0 0.004 8 0.990148782435776 3 15.0 12.0
1.0 0.004 9 0.7282318968013201 4 15.0 12.0
