0.08 0.004 0 0.8945908706309508 4 15.54282801268334 11.040000000000001 1.2235719873166586 0.96
0.08 0.004 1 0.6867833559853679 5 15.54282801268334 11.040000000000001 1.2235719873166586 0.96
0.08 0.004 2 0.880199574472772 4 15.54282801268334 11.040000000000001 1.2235719873166586 0.96
0.08 0.004 3 0.8914313615706805 4 15.54282801268334 11.040000000000001 1.2235719873166586 0.96
0.08 0.004 4 0.9034099678097683 3 15.54282801268334 11.040000000000001 1.2235719873166586 0.96
0.08 0.004 5 0.7073701902531404 5 15.54282801268334 11.040000000000001 1.2235719873166586 0.96
0.08 0.004 6 0.9024162671392237 3 15.54282801268334 11.040000000000001 1.2235719873166586 0.96
0.08 0.004 7 0.6915126507301371 5 15.54282801268334 11.040000000000001 1.2235719873166586 0.96
0.08 0.004 8 0.903114717819386 3 15.54282801268334 11.040000000000001 1.2235719873166586 0.96
0.08 0.004 9 0.882456354385578 4 15.54282801268334 11.040000000000001 1.2235719873166586 0.96
0.12 0.004 0 0.8732981082650813 3 15.6687224755122 10.56 1.8656775244878034 1.44
0.12 0.004 1 0.79258071095192 5 15.6687224755122 10.56 1.8656775244878034 1.44
0.12 0.004 2 0.7158447106134058 5 15.6687224755122 10.56 1.8656775244878034 1.44
0.12 0.004 3 0.8393443780187608 4 15.6687224755122 10.56 1.8656775244878034 1.44
0.12 0.004 4 0.8525868659254345 4 15.6687224755122 10.56 1.8656775244878034 1.44
0.12 0.004 5 0.841161995226566 4 15.6687224755122 10.56 1.8656775244878034 1.44
0.12 0.004 6 0.8077886740670762 4 15.6687224755122 10.56 1.8656775244878034 1.44
0.12 0.004 7 0.7499125535829578 5 15.6687224755122 10.56 1.8656775244878034 1.44
0.12 0.004 8 0.8313719985767266 4 15.6687224755122 10.56 1.8656775244878034 1.44
0.12 0.004 9 0.8272529443704274 4 15.6687224755122 10.56 1.8656775244878034 1.44
0.1 0.004 0 0.8565878230136744 4 15.61639112045372 10.8 1.5436088795462766 1.2
0.1 0.004 1 0.8938805775455702 3 15.61639112045372 10.8 1.5436088795462766 1.2
0.1 0.004 2 0.8556803307009058 4 15.61639112045372 10.8 1.5436088795462766 1.2
0.1 0.004 3 0.8398973073495699 5 15.61639112045372 10.8 1.5436088795462766 1.2
0.1 0.004 4 0.6999848776932137 5 15.61639112045372 10.8 1.5436088795462766 1.2
0.1 0.004 5 0.8735404865514641 4 15.61639112045372 10.8 1.5436088795462766 1.2
0.1 0.004 6 0.8855833964636105 3 15.61639112045372 10.8 1.5436088795462766 1.2
0.1 0.004 7 0.8549504556847526 4 15.61639112045372 10.8 1.5436088795462766 1.2
0.1 0.004 8 0.715117801846154 5 15.61639112045372 10.8 1.5436088795462766 1.2
0.1 0.004 9 0.6862028160002102 5 15.61639112045372 10.8 1.5436088795462766 1.2
0.0 0.004 0 0.6710716010261968 4 15.0 12.0
0.0 0.004 1 0.9928356896299247 3 15.0 12.0
0.0 0.004 2 0.9945374512752068 3 15.0 12.0
0.0 0.004 3 0.9958427965811439 3 15.0 12.0
0.0 0.004 4 1.0 2 15.0 12.0
0.0 0.004 5 0.683583899496912 5 15.0 12.0
0.0 0.004 6 0.9978341658283101 2 15.0 12.0
0.0 0.004 7 0.9908444465154839 3 15.0 12.0
0.0 0.004 8 0.9938360312667981 2 15.0 12.0
0.0 0.004 9 0.9919775317575088 3 15.0 12.0
0.06 0.004 0 0.9127791401183756 4 15.446285902042867 11.28 0.907314097957133 0.72
0.06 0.004 1 0.9185007412288452 4 15.446285902042867 11.28 0.907314097957133 0.72
0.06 0.004 2 0.6833548431274867 5 15.446285902042867 11.28 0.907314097957133 0.72
0.06 0.004 3 0.9220458604150019 4 15.446285902042867 11.28 0.907314097957133 0.72
0.06 0.004 4 0.9296151168368693 4 15.446285902042867 11.28 0.907314097957133 0.72
0.06 0.004 5 0.6759957992938899 5 15.446285902042867 11.28 0.907314097957133 0.72
0.06 0.004 6 0.9361586429753739 4 15.446285902042867 11.28 0.907314097957133 0.72
0.06 0.004 7 0.6926094916195716 5 15.446285902042867 11.28 0.907314097957133 0.72
0.06 0.004 8 0.9086461615281717 4 15.446285902042867 11.28 0.907314097957133 0.72
0.06 0.004 9 0.9093211239866686 4 15.446285902042867 11.28 0.907314097957133 0.72
0.04 0.004 0 0.9347004950596427 4 15.32494218222326 11.52 0.5966578177767379 0.48
0.04 0.004 1 0.6792508870742632 5 15.32494218222326 11.52 0.5966578177767379 0.48
0.04 0.004 2 0.9415672780029649 4 15.32494218222326 11.52 0.5966578177767379 0.48
0.04 0.004 3 0.9509449209386717 4 15.32494218222326 11.52 0.5966578177767379 0.48
0.04 0.004 4 0.9493784731985875 3 15.32494218222326 11.52 0.5966578177767379 0.48
0.04 0.004 5 0.9419602204145109 4 15.32494218222326 11.52 0.5966578177767379 0.48
0.04 0.004 6 0.93444409980734 4 15.32494218222326 11.52 0.5966578177767379 0.48
0.04 0.004 7 0.9185409964265102 4 15.32494218222326 11.52 0.5966578177767379 0.48
0.04 0.004 8 0.683917982142258 5 15.32494218222326 11.52 0.5966578177767379 0.48
0.04 0.004 9 0.6948241844212474 5 15.32494218222326 11.52 0.5966578177767379 0.48
0.14 0.004 0 0.8632544629587129 3 15.701519535395859 10.32 2.188080464604143 1.6800000000000002
0.14 0.004 1 0.843675650827632 5 15.701519535395859 10.32 2.188080464604143 1.6800000000000002
0.14 0.004 2 0.8631670685163672 3 15.701519535395859 10.32 2.188080464604143 1.6800000000000002
0.14 0.004 3 0.8591965311521182 3 15.701519535395859 10.32 2.188080464604143 1.6800000000000002
0.14 0.004 4 0.8267552986133585 5 15.701519535395859 10.32 2.188080464604143 1.6800000000000002
0.14 0.004 5 0.812461579980911 5 15.701519535395859 10.32 2.188080464604143 1.6800000000000002
0.14 0.004 6 0.7533561070608473 5 15.701519535395859 10.32 2.188080464604143 1.6800000000000002
0.14 0.004 7 0.7447232715139974 5 15.701519535395859 10.32 2.188080464604143 1.6800000000000002
0.14 0.004 8 0.8337810795747247 4 15.701519535395859 10.32 2.188080464604143 1.6800000000000002
0.14 0.004 9 0.764926209014825 5 15.701519535395859 10.32 2.188080464604143 1.6800000000000002
0.02 0.004 0 0.676036457837456 5 15.176869361104403 11.76 0.29353063889559805 0.24
0.02 0.004 1 0.9469684565992404 4 15.176869361104403 11.76 0.29353063889559805 0.24
0.02 0.004 2 0.6736052110591456 5 15.176869361104403 11.76 0.29353063889559805 0.24
0.02 0.004 3 0.6718381162052861 5 15.176869361104403 11.76 0.29353063889559805 0.24
0.02 0.004 4 0.67924563763904 5 15.176869361104403 11.76 0.29353063889559805 0.24
0.02 0.004 5 0.6996388135889609 5 15.176869361104403 11.76 0.29353063889559805 0.24
0.02 0.004 6 0.8639817493917754 4 15.176869361104403 11.76 0.29353063889559805 0.24
0.02 0.004 7 0.9578184733631867 4 15.176869361104403 11.76 0.29353063889559805 0.24
0.02 0.004 8 0.6740889129664879 5 15.176869361104403 11.76 0.29353063889559805 0.24
0.02 0.004 9 0.8446554174621437 4 15.176869361104403 11.76 0.29353063889559805 0.24
0.22 0.004 0 0.7543270972527538 5 15.670786216359875 9.36 3.447613783640125 2.64
0.22 0.004 1 0.759385552259251 5 15.670786216359875 9.36 3.447613783640125 2.64
0.22 0.004 2 0.7538802264397763 5 15.670786216359875 9.36 3.447613783640125 2.64
0.22 0.004 3 0.770577863469232 5 15.670786216359875 9.36 3.447613783640125 2.64
0.22 0.004 4 0.7659912455130884 5 15.670786216359875 9.36 3.447613783640125 2.64
0.22 0.004 5 0.7595414130118626 5 15.670786216359875 9.36 3.447613783640125 2.64
0.22 0.004 6 0.7597733779453406 5 15.670786216359875 9.36 3.447613783640125 2.64
0.22 0.004 7 0.7769325899164992 5 15.670786216359875 9.36 3.447613783640125 2.64
0.22 0.004 8 0.7958719968852151 5 15.670786216359875 9.36 3.447613783640125 2.64
0.22 0.004 9 0.7543610393703551 5 15.670786216359875 9.36 3.447613783640125 2.64
0.3 0.004 0 0.7554258419825103 5 15.464152826657239 8.4 4.575847173342761 3.6
0.3 0.004 1 0.7649190468902335 5 15.464152826657239 8.4 4.575847173342761 3.6
0.3 0.004 2 0.7187868714379269 5 15.464152826657239 8.4 4.575847173342761 3.6
0.3 0.004 3 0.7438496248367573 5 15.464152826657239 8.4 4.575847173342761 3.6
0.3 0.004 4 0.7241474223664227 5 15.464152826657239 8.4 4.575847173342761 3.6
0.3 0.004 5 0.7419480777711547 5 15.464152826657239 8.4 4.575847173342761 3.6
0.3 0.004 6 0.7652740182160003 4 15.464152826657239 8.4 4.575847173342761 3.6
0.3 0.004 7 0.7267471506803453 5 15.464152826657239 8.4 4.575847173342761 3.6
0.3 0.004 8 0.7382488419014718 5 15.464152826657239 8.4 4.575847173342761 3.6
0.3 0.004 9 0.7470549342061844 5 15.464152826657239 8.4 4.575847173342761 3.6
0.18 0.004 0 0.7747447050669012 5 15.715185698308153 9.84 2.8272143016918476 2.16
0.18 0.004 1 0.7651195477406393 5 15.715185698308153 9.84 2.8272143016918476 2.16
0.18 0.004 2 0.7943925989880045 5 15.715185698308153 9.84 2.8272143016918476 2.16
0.18 0.004 3 0.8322686114119503 3 15.715185698308153 9.84 2.8272143016918476 2.16
0.18 0.004 4 0.8103978707548052 5 15.715185698308153 9.84 2.8272143016918476 2.16
0.18 0.004 5 0.7455322534567226 5 15.715185698308153 9.84 2.8272143016918476 2.16
0.18 0.004 6 0.7690103714598648 5 15.715185698308153 9.84 2.8272143016918476 2.16
0.18 0.004 7 0.7892526657149019 4 15.715185698308153 9.84 2.8272143016918476 2.16
0.18 0.004 8 0.8257492515110959 3 15.715185698308153 9.84 2.8272143016918476 2.16
0.18 0.004 9 0.8289006566536122 3 15.715185698308153 9.84 2.8272143016918476 2.16
0.16 0.004 0 0.795021112235241 5 15.716452661974282 10.08 2.5091473380257203 1.92
0.16 0.004 1 0.7880131476226166 5 15.716452661974282 10.08 2.5091473380257203 1.92
0.16 0.004 2 0.7848505225795598 5 15.716452661974282 10.08 2.5091473380257203 1.92
0.16 0.004 3 0.8229063273516682 4 15.716452661974282 10.08 2.5091473380257203 1.92
0.16 0.004 4 0.8022108192826266 5 15.716452661974282 10.08 2.5091473380257203 1.92
0.16 0.004 5 0.7997596899519723 5 15.716452661974282 10.08 2.5091473380257203 1.92
0.16 0.004 6 0.8216997538789851 5 15.716452661974282 10.08 2.5091473380257203 1.92
0.16 0.004 7 0.7797574726955482 5 15.716452661974282 10.08 2.5091473380257203 1.92
0.16 0.004 8 0.8139468655360316 5 15.716452661974282 10.08 2.5091473380257203 1.92
0.16 0.004 9 0.7924232338863094 5 15.716452661974282 10.08 2.5091473380257203 1.92
0.26 0.004 0 0.7401001224959651 5 15.582180957463313 8.88 4.035419042536688 3.12
0.26 0.004 1 0.7487832811876471 5 15.582180957463313 8.88 4.035419042536688 3.12
0.26 0.004 2 0.7363209731836889 5 15.582180957463313 8.88 4.035419042536688 3.12
0.26 0.004 3 0.7422502890351954 5 15.582180957463313 8.88 4.035419042536688 3.12
0.26 0.004 4 0.7307860917578998 5 15.582180957463313 8.88 4.035419042536688 3.12
0.26 0.004 5 0.77235294481658 4 15.582180957463313 8.88 4.035419042536688 3.12
0.26 0.004 6 0.7518904097086563 5 15.582180957463313 8.88 4.035419042536688 3.12
0.26 0.004 7 0.7453619993087073 5 15.582180957463313 8.88 4.035419042536688 3.12
0.26 0.004 8 0.7482547305044581 5 15.582180957463313 8.88 4.035419042536688 3.12
0.26 0.004 9 0.7523936744374187 5 15.582180957463313 8.88 4.035419042536688 3.12
0.24 0.004 0 0.7627621961146503 5 15.63111130790032 9.120000000000001 3.7464886920996814 2.88
0.24 0.004 1 0.7826628640900849 5 15.63111130790032 9.120000000000001 3.7464886920996814 2.88
0.24 0.004 2 0.7662855834125037 5 15.63111130790032 9.120000000000001 3.7464886920996814 2.88
0.24 0.004 3 0.7582777624485115 5 15.63111130790032 9.120000000000001 3.7464886920996814 2.88
0.24 0.004 4 0.7644567465085301 5 15.63111130790032 9.120000000000001 3.7464886920996814 2.88
0.24 0.004 5 0.7787985083115349 4 15.63111130790032 9.120000000000001 3.7464886920996814 2.88
0.24 0.004 6 0.7433817619383862 5 15.63111130790032 9.120000000000001 3.7464886920996814 2.88
0.24 0.004 7 0.7626251662549908 5 15.63111130790032 9.120000000000001 3.7464886920996814 2.88
0.24 0.004 8 0.7694216703448146 5 15.63111130790032 9.120000000000001 3.7464886920996814 2.88
0.24 0.004 9 0.7435045464266197 5 15.63111130790032 9.120000000000001 3.7464886920996814 2.88
0.28 0.004 0 0.7386865648959076 5 15.525875849378133 8.64 4.312524150621868 3.3600000000000003
0.28 0.004 1 0.7440736359943058 5 15.525875849378133 8.64 4.312524150621868 3.3600000000000003
0.28 0.004 2 0.7534235124756473 5 15.525875849378133 8.64 4.312524150621868 3.3600000000000003
0.28 0.004 3 0.731564327446515 5 15.525875849378133 8.64 4.312524150621868 3.3600000000000003
0.28 0.004 4 0.7620740065183977 5 15.525875849378133 8.64 4.312524150621868 3.3600000000000003
0.28 0.004 5 0.7434093755267068 5 15.525875849378133 8.64 4.312524150621868 3.3600000000000003
0.28 0.004 6 0.7754534951984308 4 15.525875849378133 8.64 4.312524150621868 3.3600000000000003
0.28 0.004 7 0.7508142863236748 5 15.525875849378133 8.64 4.312524150621868 3.3600000000000003
0.28 0.004 8 0.743613783598824 5 15.525875849378133 8.64 4.312524150621868 3.3600000000000003
0.28 0.004 9 0.7353439801073118 5 15.525875849378133 8.64 4.312524150621868 3.3600000000000003
0.2 0.004 0 0.7778341917937941 5 15.699394875304465 9.6 3.1406051246955315 2.4
0.2 0.004 1 0.79459337138547 5 15.699394875304465 9.6 3.1406051246955315 2.4
0.2 0.004 2 0.7679656874842052 5 15.699394875304465 9.6 3.1406051246955315 2.4
0.2 0.004 3 0.766410937960686 5 15.699394875304465 9.6 3.1406051246955315 2.4
0.2 0.004 4 0.7902269700185788 5 15.699394875304465 9.6 3.1406051246955315 2.4
0.2 0.004 5 0.7497696313329029 5 15.699394875304465 9.6 3.1406051246955315 2.4
0.2 0.004 6 0.7676836174922184 5 15.699394875304465 9.6 3.1406051246955315 2.4
0.2 0.004 7 0.7746658607856912 5 15.699394875304465 9.6 3.1406051246955315 2.4
0.2 0.004 8 0.8099676111280528 3 15.699394875304465 9.6 3.1406051246955315 2.4
0.2 0.004 9 0.778682328244794 4 15.699394875304465 9.6 3.1406051246955315 2.4
0.38 0.004 0 0.7236308434280525 5 15.204619448847925 7.44 5.449780551152075 4.5600000000000005
0.38 0.004 1 0.7245744357712554 5 15.204619448847925 7.44 5.449780551152075 4.5600000000000005
0.38 0.004 2 0.7065665586221392 5 15.204619448847925 7.44 5.449780551152075 4.5600000000000005
0.38 0.004 3 0.7353128040275835 4 15.204619448847925 7.44 5.449780551152075 4.5600000000000005
0.38 0.004 4 0.7220173604742806 5 15.204619448847925 7.44 5.449780551152075 4.5600000000000005
0.38 0.004 5 0.7138707044394078 4 15.204619448847925 7.44 5.449780551152075 4.5600000000000005
0.38 0.004 6 0.7331020761496462 4 15.204619448847925 7.44 5.449780551152075 4.5600000000000005
0.38 0.004 7 0.7210150575457296 5 15.204619448847925 7.44 5.449780551152075 4.5600000000000005
0.38 0.004 8 0.7316875102973286 4 15.204619448847925 7.44 5.449780551152075 4.5600000000000005
0.38 0.004 9 0.7250119973641902 5 15.204619448847925 7.44 5.449780551152075 4.5600000000000005
0.34 0.004 0 0.7371821097946198 5 15.332652573761235 7.919999999999999 5.052947426238765 4.080000000000001
0.34 0.004 1 0.7328263577795204 5 15.332652573761235 7.919999999999999 5.052947426238765 4.080000000000001
0.34 0.004 2 0.7246737219886541 5 15.332652573761235 7.919999999999999 5.052947426238765 4.080000000000001
0.34 0.004 3 0.735045168713945 4 15.332652573761235 7.919999999999999 5.052947426238765 4.080000000000001
0.34 0.004 4 0.7424666564447904 5 15.332652573761235 7.919999999999999 5.052947426238765 4.080000000000001
0.34 0.004 5 0.7318959539733728 4 15.332652573761235 7.919999999999999 5.052947426238765 4.080000000000001
0.34 0.004 6 0.7292095732425418 5 15.332652573761235 7.919999999999999 5.052947426238765 4.080000000000001
0.34 0.004 7 0.7368601766608662 5 15.332652573761235 7.919999999999999 5.052947426238765 4.080000000000001
0.34 0.004 8 0.6994373598400384 5 15.332652573761235 7.919999999999999 5.052947426238765 4.080000000000001
0.34 0.004 9 0.7505611140256282 5 15.332652573761235 7.919999999999999 5.052947426238765 4.080000000000001
0.32 0.004 0 0.725688111184778 5 15.39904489938954 8.16 4.823355100610457 3.84
0.32 0.004 1 0.7266953223898607 5 15.39904489938954 8.16 4.823355100610457 3.84
0.32 0.004 2 0.74028500795164 5 15.39904489938954 8.16 4.823355100610457 3.84
0.32 0.004 3 0.7208683468199328 5 15.39904489938954 8.16 4.823355100610457 3.84
0.32 0.004 4 0.7241107238617539 5 15.39904489938954 8.16 4.823355100610457 3.84
0.32 0.004 5 0.743753613562674 5 15.39904489938954 8.16 4.823355100610457 3.84
0.32 0.004 6 0.7341279659965786 4 15.39904489938954 8.16 4.823355100610457 3.84
0.32 0.004 7 0.7400355163547195 5 15.39904489938954 8.16 4.823355100610457 3.84
0.32 0.004 8 0.7371270317018391 4 15.39904489938954 8.16 4.823355100610457 3.84
0.32 0.004 9 0.7338871329993242 5 15.39904489938954 8.16 4.823355100610457 3.84
0.42 0.004 0 0.7269490408518013 5 15.097074760838163 6.960000000000001 5.749325239161836 5.04
0.42 0.004 1 0.7343928222828086 5 15.097074760838163 6.960000000000001 5.749325239161836 5.04
0.42 0.004 2 0.7151127499352145 5 15.097074760838163 6.960000000000001 5.749325239161836 5.04
0.42 0.004 3 0.7455221970084119 4 15.097074760838163 6.960000000000001 5.749325239161836 5.04
0.42 0.004 4 0.7131114336468893 4 15.097074760838163 6.960000000000001 5.749325239161836 5.04
0.42 0.004 5 0.7318003274865451 4 15.097074760838163 6.960000000000001 5.749325239161836 5.04
0.42 0.004 6 0.7385296576299892 4 15.097074760838163 6.960000000000001 5.749325239161836 5.04
0.42 0.004 7 0.7224424282573897 4 15.097074760838163 6.960000000000001 5.749325239161836 5.04
0.42 0.004 8 0.7289699093530516 4 15.097074760838163 6.960000000000001 5.749325239161836 5.04
0.42 0.004 9 0.7336789680443486 5 15.097074760838163 6.960000000000001 5.749325239161836 5.04
0.4 0.004 0 0.7233875360947134 5 15.147263365915503 7.2 5.612736634084499 4.8
0.4 0.004 1 0.7220829915724666 5 15.147263365915503 7.2 5.612736634084499 4.8
0.4 0.004 2 0.7310618200616439 5 15.147263365915503 7.2 5.612736634084499 4.8
0.4 0.004 3 0.7451876030254168 4 15.147263365915503 7.2 5.612736634084499 4.8
0.4 0.004 4 0.7510576478905876 4 15.147263365915503 7.2 5.612736634084499 4.8
0.4 0.004 5 0.7332006839619284 4 15.147263365915503 7.2 5.612736634084499 4.8
0.4 0.004 6 0.7213841054620526 4 15.147263365915503 7.2 5.612736634084499 4.8
0.4 0.004 7 0.7177101028647068 4 15.147263365915503 7.2 5.612736634084499 4.8
0.4 0.004 8 0.7262148461404246 5 15.147263365915503 7.2 5.612736634084499 4.8
0.4 0.004 9 0.7198899177790834 5 15.147263365915503 7.2 5.612736634084499 4.8
0.36 0.004 0 0.7344691905149916 5 15.267123748019516 7.68 5.262476251980487 4.32
0.36 0.004 1 0.7441013893300669 5 15.267123748019516 7.68 5.262476251980487 4.32
0.36 0.004 2 0.7098114378061674 5 15.267123748019516 7.68 5.262476251980487 4.32
0.36 0.004 3 0.741973364327407 4 15.267123748019516 7.68 5.262476251980487 4.32
0.36 0.004 4 0.6947391700016151 5 15.267123748019516 7.68 5.262476251980487 4.32
0.36 0.004 5 0.7327561101697316 5 15.267123748019516 7.68 5.262476251980487 4.32
0.36 0.004 6 0.7396650153573473 5 15.267123748019516 7.68 5.262476251980487 4.32
0.36 0.004 7 0.729044673547884 5 15.267123748019516 7.68 5.262476251980487 4.32
0.36 0.004 8 0.7135630899004493 5 15.267123748019516 7.68 5.262476251980487 4.32
0.36 0.004 9 0.7205424982473426 5 15.267123748019516 7.68 5.262476251980487 4.32
0.44 0.004 0 0.7234122797110547 5 15.05588700504785 6.720000000000001 5.857712994952151 5.28
0.44 0.004 1 0.7233520004760283 4 15.05588700504785 6.720000000000001 5.857712994952151 5.28
0.44 0.004 2 0.7088665363106023 4 15.05588700504785 6.720000000000001 5.857712994952151 5.28
0.44 0.004 3 0.7149494292646956 5 15.05588700504785 6.720000000000001 5.857712994952151 5.28
0.44 0.004 4 0.7213859916432201 5 15.05588700504785 6.720000000000001 5.857712994952151 5.28
0.44 0.004 5 0.7318975509748735 4 15.05588700504785 6.720000000000001 5.857712994952151 5.28
0.44 0.004 6 0.7407162181708942 4 15.05588700504785 6.720000000000001 5.857712994952151 5.28
0.44 0.004 7 0.7284584485466116 5 15.05588700504785 6.720000000000001 5.857712994952151 5.28
0.44 0.004 8 0.7172674245044728 4 15.05588700504785 6.720000000000001 5.857712994952151 5.28
0.44 0.004 9 0.7493583894892732 4 15.05588700504785 6.720000000000001 5.857712994952151 5.28
0.46 0.004 0 0.7242059570228514 4 15.025257512178984 6.48 5.936342487821015 5.5200000000000005
0.46 0.004 1 0.7237690947075542 4 15.025257512178984 6.48 5.936342487821015 5.5200000000000005
0.46 0.004 2 0.721225286336883 4 15.025257512178984 6.48 5.936342487821015 5.5200000000000005
0.46 0.004 3 0.729018272578128 5 15.025257512178984 6.48 5.936342487821015 5.5200000000000005
0.46 0.004 4 0.735293796814587 4 15.025257512178984 6.48 5.936342487821015 5.5200000000000005
0.46 0.004 5 0.7277569825137864 4 15.025257512178984 6.48 5.936342487821015 5.5200000000000005
0.46 0.004 6 0.7233546297475316 4 15.025257512178984 6.48 5.936342487821015 5.5200000000000005
0.46 0.004 7 0.7301773672247927 4 15.025257512178984 6.48 5.936342487821015 5.5200000000000005
0.46 0.004 8 0.7463767490757631 4 15.025257512178984 6.48 5.936342487821015 5.5200000000000005
0.46 0.004 9 0.731355318171898 5 15.025257512178984 6.48 5.936342487821015 5.5200000000000005
0.48 0.004 0 0.7092841495311584 5 15.00637843584135 6.24 5.984021564158651 5.76
0.48 0.004 1 0.728128777277994 4 15.00637843584135 6.24 5.984021564158651 5.76
0.48 0.004 2 0.7167645619766798 5 15.00637843584135 6.24 5.984021564158651 5.76
0.48 0.004 3 0.7544860875402549 5 15.00637843584135 6.24 5.984021564158651 5.76
0.48 0.004 4 0.7277126564799958 5 15.00637843584135 6.24 5.984021564158651 5.76
0.48 0.004 5 0.7277521380747107 4 15.00637843584135 6.24 5.984021564158651 5.76
0.48 0.004 6 0.7306619147108865 5 15.00637843584135 6.24 5.984021564158651 5.76
0.48 0.004 7 0.7284239808298807 5 15.00637843584135 6.24 5.984021564158651 5.76
0.48 0.004 8 0.7117045330992241 5 15.00637843584135 6.24 5.984021564158651 5.76
0.48 0.004 9 0.7287800858549304 5 15.00637843584135 6.24 5.984021564158651 5.76
0.56 0.004 0 0.7237982899959516 4 15.05588700504785 6.720000000000001 5.857712994952149 5.279999999999999
0.56 0.004 1 0.701379328726088 4 15.05588700504785 6.720000000000001 5.857712994952149 5.279999999999999
0.56 0.004 2 0.6838936636473238 4 15.05588700504785 6.720000000000001 5.857712994952149 5.279999999999999
0.56 0.004 3 0.7176204321578586 5 15.05588700504785 6.720000000000001 5.857712994952149 5.279999999999999
0.56 0.004 4 0.7226296143740207 5 15.05588700504785 6.720000000000001 5.857712994952149 5.279999999999999
0.56 0.004 5 0.7157226549036363 5 15.05588700504785 6.720000000000001 5.857712994952149 5.279999999999999
0.56 0.004 6 0.7010830710183905 5 15.05588700504785 6.720000000000001 5.857712994952149 5.279999999999999
0.56 0.004 7 0.7124401055521545 4 15.05588700504785 6.720000000000001 5.857712994952149 5.279999999999999
0.56 0.004 8 0.7043253344496232 4 15.05588700504785 6.720000000000001 5.857712994952149 5.279999999999999
0.56 0.004 9 0.7249936090347061 4 15.05588700504785 6.720000000000001 5.857712994952149 5.279999999999999
0.5 0.004 0 0.7164070283945412 5 15.0 6.0 6.0 6.0
0.5 0.004 1 0.7081295183459002 5 15.0 6.0 6.0 6.0
0.5 0.004 2 0.7241893652310061 4 15.0 6.0 6.0 6.0
0.5 0.004 3 0.7249123202360811 5 15.0 6.0 6.0 6.0
0.5 0.004 4 0.701277023248862 4 15.0 6.0 6.0 6.0
0.5 0.004 5 0.6951085632312728 5 15.0 6.0 6.0 6.0
0.5 0.004 6 0.7162097903827509 4 15.0 6.0 6.0 6.0
0.5 0.004 7 0.7099876603897944 4 15.0 6.0 6.0 6.0
0.5 0.004 8 0.7319952628049249 5 15.0 6.0 6.0 6.0
0.5 0.004 9 0.749055239334347 4 15.0 6.0 6.0 6.0
0.52 0.004 0 0.7320012328668685 4 15.00637843584135 6.24 5.984021564158652 5.76
0.52 0.004 1 0.7110303421109033 5 15.00637843584135 6.24 5.984021564158652 5.76
0.52 0.004 2 0.7113555319142078 5 15.00637843584135 6.24 5.984021564158652 5.76
0.52 0.004 3 0.7281065415293139 4 15.00637843584135 6.24 5.984021564158652 5.76
0.52 0.004 4 0.7138740258345067 5 15.00637843584135 6.24 5.984021564158652 5.76
0.52 0.004 5 0.7373699237004424 4 15.00637843584135 6.24 5.984021564158652 5.76
0.52 0.004 6 0.7171725583293009 4 15.00637843584135 6.24 5.984021564158652 5.76
0.52 0.004 7 0.7582305634722043 4 15.00637843584135 6.24 5.984021564158652 5.76
0.52 0.004 8 0.7292319528349931 5 15.00637843584135 6.24 5.984021564158652 5.76
0.52 0.004 9 0.730506357077057 5 15.00637843584135 6.24 5.984021564158652 5.76
0.54 0.004 0 0.7149613880265151 4 15.025257512178987 6.48 5.936342487821016 5.5200000000000005
0.54 0.004 1 0.7134780523789033 4 15.025257512178987 6.48 5.936342487821016 5.5200000000000005
0.54 0.004 2 0.723078560204785 4 15.025257512178987 6.48 5.936342487821016 5.5200000000000005
0.54 0.004 3 0.7078484837641237 4 15.025257512178987 6.48 5.936342487821016 5.5200000000000005
0.54 0.004 4 0.7222839539970346 4 15.025257512178987 6.48 5.936342487821016 5.5200000000000005
0.54 0.004 5 0.7174580159556954 4 15.025257512178987 6.48 5.936342487821016 5.5200000000000005
0.54 0.004 6 0.7386033949977262 5 15.025257512178987 6.48 5.936342487821016 5.5200000000000005
0.54 0.004 7 0.7435164680373707 4 15.025257512178987 6.48 5.936342487821016 5.5200000000000005
0.54 0.004 8 0.7419359958688171 5 15.025257512178987 6.48 5.936342487821016 5.5200000000000005
0.54 0.004 9 0.7158428197944507 4 15.025257512178987 6.48 5.936342487821016 5.5200000000000005
0.58 0.004 0 0.7073408208809392 5 15.097074760838163 6.959999999999999 5.749325239161837 5.040000000000001
0.58 0.004 1 0.6997594018741817 5 15.097074760838163 6.959999999999999 5.749325239161837 5.040000000000001
0.58 0.004 2 0.7147392151348823 5 15.097074760838163 6.959999999999999 5.749325239161837 5.040000000000001
0.58 0.004 3 0.7385348603778029 4 15.097074760838163 6.959999999999999 5.749325239161837 5.040000000000001
0.58 0.004 4 0.7382214464527729 5 15.097074760838163 6.959999999999999 5.749325239161837 5.040000000000001
0.58 0.004 5 0.723926631439983 5 15.097074760838163 6.959999999999999 5.749325239161837 5.040000000000001
0.58 0.004 6 0.7292980678101706 5 15.097074760838163 6.959999999999999 5.749325239161837 5.040000000000001
0.58 0.004 7 0.6971607328546403 5 15.097074760838163 6.959999999999999 5.749325239161837 5.040000000000001
0.58 0.004 8 0.7153954969702475 5 15.097074760838163 6.959999999999999 5.749325239161837 5.040000000000001
0.58 0.004 9 0.7288747576049524 4 15.097074760838163 6.959999999999999 5.749325239161837 5.040000000000001
0.6 0.004 0 0.7521634813137974 4 15.147263365915503 7.2 5.612736634084499 4.8
0.6 0.004 1 0.7236228304680006 4 15.147263365915503 7.2 5.612736634084499 4.8
0.6 0.004 2 0.7585348648719361 5 15.147263365915503 7.2 5.612736634084499 4.8
0.6 0.004 3 0.7457003583563845 5 15.147263365915503 7.2 5.612736634084499 4.8
0.6 0.004 4 0.7288937481937149 5 15.147263365915503 7.2 5.612736634084499 4.8
0.6 0.004 5 0.6962860248272259 5 15.147263365915503 7.2 5.612736634084499 4.8
0.6 0.004 6 0.7266739856144626 5 15.147263365915503 7.2 5.612736634084499 4.8
0.6 0.004 7 0.7197105384204383 5 15.147263365915503 7.2 5.612736634084499 4.8
0.6 0.004 8 0.7412344052883056 5 15.147263365915503 7.2 5.612736634084499 4.8
0.6 0.004 9 0.7424598853364506 4 15.147263365915503 7.2 5.612736634084499 4.8
0.66 0.004 0 0.752308523701331 4 15.332652573761235 7.92 5.052947426238763 4.08
0.66 0.004 1 0.7258600215773698 5 15.332652573761235 7.92 5.052947426238763 4.08
0.66 0.004 2 0.7556176164847414 5 15.332652573761235 7.92 5.052947426238763 4.08
0.66 0.004 3 0.7237290871359623 5 15.332652573761235 7.92 5.052947426238763 4.08
0.66 0.004 4 0.7361994321918921 5 15.332652573761235 7.92 5.052947426238763 4.08
0.66 0.004 5 0.7408389015835737 5 15.332652573761235 7.92 5.052947426238763 4.08
0.66 0.004 6 0.7132663552348616 5 15.332652573761235 7.92 5.052947426238763 4.08
0.66 0.004 7 0.7250698253550658 5 15.332652573761235 7.92 5.052947426238763 4.08
0.66 0.004 8 0.7450908049446473 4 15.332652573761235 7.92 5.052947426238763 4.08
0.66 0.004 9 0.7114411924350619 5 15.332652573761235 7.92 5.052947426238763 4.08
0.64 0.004 0 0.7346677418081186 5 15.267123748019516 7.68 5.262476251980487 4.32
0.64 0.004 1 0.7426695409647334 4 15.267123748019516 7.68 5.262476251980487 4.32
0.64 0.004 2 0.7499368117873313 4 15.267123748019516 7.68 5.262476251980487 4.32
0.64 0.004 3 0.7489806710347006 5 15.267123748019516 7.68 5.262476251980487 4.32
0.64 0.004 4 0.7011657798564843 5 15.267123748019516 7.68 5.262476251980487 4.32
0.64 0.004 5 0.7431315583620991 5 15.267123748019516 7.68 5.262476251980487 4.32
0.64 0.004 6 0.7318335225335353 5 15.267123748019516 7.68 5.262476251980487 4.32
0.64 0.004 7 0.69763265115363 5 15.267123748019516 7.68 5.262476251980487 4.32
0.64 0.004 8 0.7369398785505563 5 15.267123748019516 7.68 5.262476251980487 4.32
0.64 0.004 9 0.736491643816564 5 15.267123748019516 7.68 5.262476251980487 4.32
0.62 0.004 0 0.7301115322182978 5 15.204619448847925 7.44 5.449780551152075 4.5600000000000005
0.62 0.004 1 0.7138095676163944 5 15.204619448847925 7.44 5.449780551152075 4.5600000000000005
0.62 0.004 2 0.7025468005921186 5 15.204619448847925 7.44 5.449780551152075 4.5600000000000005
0.62 0.004 3 0.7035723727062491 5 15.204619448847925 7.44 5.449780551152075 4.5600000000000005
0.62 0.004 4 0.7471866588954104 4 15.204619448847925 7.44 5.449780551152075 4.5600000000000005
0.62 0.004 5 0.7386323042517265 5 15.204619448847925 7.44 5.449780551152075 4.5600000000000005
0.62 0.004 6 0.7247758068387756 5 15.204619448847925 7.44 5.449780551152075 4.5600000000000005
0.62 0.004 7 0.7432034235449874 4 15.204619448847925 7.44 5.449780551152075 4.5600000000000005
0.62 0.004 8 0.7320932884507368 5 15.204619448847925 7.44 5.449780551152075 4.5600000000000005
0.62 0.004 9 0.7503338412404168 5 15.204619448847925 7.44 5.449780551152075 4.5600000000000005
0.74 0.004 0 0.7417145417957217 5 15.582180957463313 8.88 4.035419042536688 3.12
0.74 0.004 1 0.7348832116370165 5 15.582180957463313 8.88 4.035419042536688 3.12
0.74 0.004 2 0.7575713042730917 5 15.582180957463313 8.88 4.035419042536688 3.12
0.74 0.004 3 0.7498845609661781 5 15.582180957463313 8.88 4.035419042536688 3.12
0.74 0.004 4 0.7565243013689055 5 15.582180957463313 8.88 4.035419042536688 3.12
0.74 0.004 5 0.7638189849899308 5 15.582180957463313 8.88 4.035419042536688 3.12
0.74 0.004 6 0.7310757840182049 5 15.582180957463313 8.88 4.035419042536688 3.12
0.74 0.004 7 0.7613065762478644 5 15.582180957463313 8.88 4.035419042536688 3.12
0.74 0.004 8 0.7295537591301258 5 15.582180957463313 8.88 4.035419042536688 3.12
0.74 0.004 9 0.7667516822341509 5 15.582180957463313 8.88 4.035419042536688 3.12
0.7 0.004 0 0.7433397376403378 5 15.464152826657239 8.4 4.575847173342761 3.6000000000000005
0.7 0.004 1 0.7396942587223718 5 15.464152826657239 8.4 4.575847173342761 3.6000000000000005
0.7 0.004 2 0.7764752449524045 4 15.464152826657239 8.4 4.575847173342761 3.6000000000000005
0.7 0.004 3 0.7649685495975628 5 15.464152826657239 8.4 4.575847173342761 3.6000000000000005
0.7 0.004 4 0.7314818263647239 5 15.464152826657239 8.4 4.575847173342761 3.6000000000000005
0.7 0.004 5 0.7640490285909035 5 15.464152826657239 8.4 4.575847173342761 3.6000000000000005
0.7 0.004 6 0.7406114533332323 5 15.464152826657239 8.4 4.575847173342761 3.6000000000000005
0.7 0.004 7 0.7461890301281882 5 15.464152826657239 8.4 4.575847173342761 3.6000000000000005
0.7 0.004 8 0.7777662455561164 4 15.464152826657239 8.4 4.575847173342761 3.6000000000000005
0.7 0.004 9 0.7403129954616203 5 15.464152826657239 8.4 4.575847173342761 3.6000000000000005
0.68 0.004 0 0.7485487181911946 4 15.39904489938954 8.160000000000002 4.823355100610457 3.8399999999999994
0.68 0.004 1 0.7409746940186275 5 15.39904489938954 8.160000000000002 4.823355100610457 3.8399999999999994
0.68 0.004 2 0.7101376771461576 5 15.39904489938954 8.160000000000002 4.823355100610457 3.8399999999999994
0.68 0.004 3 0.7427582040564309 5 15.39904489938954 8.160000000000002 4.823355100610457 3.8399999999999994
0.68 0.004 4 0.7456015604327505 5 15.39904489938954 8.160000000000002 4.823355100610457 3.8399999999999994
0.68 0.004 5 0.7486637785871156 5 15.39904489938954 8.160000000000002 4.823355100610457 3.8399999999999994
0.68 0.004 6 0.7343310206453497 4 15.39904489938954 8.160000000000002 4.823355100610457 3.8399999999999994
0.68 0.004 7 0.7335431546616729 5 15.39904489938954 8.160000000000002 4.823355100610457 3.8399999999999994
0.68 0.004 8 0.7370629479681988 5 15.39904489938954 8.160000000000002 4.823355100610457 3.8399999999999994
0.68 0.004 9 0.7427910549091126 5 15.39904489938954 8.160000000000002 4.823355100610457 3.8399999999999994
0.72 0.004 0 0.7595861537511808 5 15.525875849378133 8.64 4.312524150621869 3.3600000000000003
0.72 0.004 1 0.7513156641892728 5 15.525875849378133 8.64 4.312524150621869 3.3600000000000003
0.72 0.004 2 0.7336336036786183 5 15.525875849378133 8.64 4.312524150621869 3.3600000000000003
0.72 0.004 3 0.7545762867570917 5 15.525875849378133 8.64 4.312524150621869 3.3600000000000003
0.72 0.004 4 0.760658563750845 4 15.525875849378133 8.64 4.312524150621869 3.3600000000000003
0.72 0.004 5 0.7315596637042592 5 15.525875849378133 8.64 4.312524150621869 3.3600000000000003
0.72 0.004 6 0.7681859404175093 5 15.525875849378133 8.64 4.312524150621869 3.3600000000000003
0.72 0.004 7 0.760508133214244 5 15.525875849378133 8.64 4.312524150621869 3.3600000000000003
0.72 0.004 8 0.7247613914812072 5 15.525875849378133 8.64 4.312524150621869 3.3600000000000003
0.72 0.004 9 0.7518141648992523 5 15.525875849378133 8.64 4.312524150621869 3.3600000000000003
0.8 0.004 0 0.8062717643946408 5 15.699394875304465 9.6 3.1406051246955315 2.3999999999999995
0.8 0.004 1 0.7765907011364673 5 15.699394875304465 9.6 3.1406051246955315 2.3999999999999995
0.8 0.004 2 0.7982969231532906 5 15.699394875304465 9.6 3.1406051246955315 2.3999999999999995
0.8 0.004 3 0.7824761448786742 4 15.699394875304465 9.6 3.1406051246955315 2.3999999999999995
0.8 0.004 4 0.773543731789612 4 15.699394875304465 9.6 3.1406051246955315 2.3999999999999995
0.8 0.004 5 0.7995415626946616 3 15.699394875304465 9.6 3.1406051246955315 2.3999999999999995
0.8 0.004 6 0.7581362149494804 5 15.699394875304465 9.6 3.1406051246955315 2.3999999999999995
0.8 0.004 7 0.7887961442988988 5 15.699394875304465 9.6 3.1406051246955315 2.3999999999999995
0.8 0.004 8 0.7436324231564206 5 15.699394875304465 9.6 3.1406051246955315 2.3999999999999995
0.8 0.004 9 0.7343459057097275 5 15.699394875304465 9.6 3.1406051246955315 2.3999999999999995
0.76 0.004 0 0.7532011538388211 5 15.631111307900321 9.120000000000001 3.74648869209968 2.88
0.76 0.004 1 0.7580748595194099 5 15.631111307900321 9.120000000000001 3.74648869209968 2.88
0.76 0.004 2 0.7562789572975979 5 15.631111307900321 9.120000000000001 3.74648869209968 2.88
0.76 0.004 3 0.7429775327901788 5 15.631111307900321 9.120000000000001 3.74648869209968 2.88
0.76 0.004 4 0.7267751635200992 5 15.631111307900321 9.120000000000001 3.74648869209968 2.88
0.76 0.004 5 0.7698671111251282 5 15.631111307900321 9.120000000000001 3.74648869209968 2.88
0.76 0.004 6 0.7877821943440368 5 15.631111307900321 9.120000000000001 3.74648869209968 2.88
0.76 0.004 7 0.7491743504531978 5 15.631111307900321 9.120000000000001 3.74648869209968 2.88
0.76 0.004 8 0.7491515410541465 5 15.631111307900321 9.120000000000001 3.74648869209968 2.88
0.76 0.004 9 0.7562703351149564 5 15.631111307900321 9.120000000000001 3.74648869209968 2.88
0.78 0.004 0 0.7837106083903951 5 15.670786216359875 9.36 3.447613783640125 2.6399999999999997
0.78 0.004 1 0.7709990840195896 5 15.670786216359875 9.36 3.447613783640125 2.6399999999999997
0.78 0.004 2 0.7836577676197847 5 15.670786216359875 9.36 3.447613783640125 2.6399999999999997
0.78 0.004 3 0.7700935556992479 5 15.670786216359875 9.36 3.447613783640125 2.6399999999999997
0.78 0.004 4 0.7586407073395377 5 15.670786216359875 9.36 3.447613783640125 2.6399999999999997
0.78 0.004 5 0.7532766750511806 5 15.670786216359875 9.36 3.447613783640125 2.6399999999999997
0.78 0.004 6 0.7600581174763923 5 15.670786216359875 9.36 3.447613783640125 2.6399999999999997
0.78 0.004 7 0.7384983387428946 5 15.670786216359875 9.36 3.447613783640125 2.6399999999999997
0.78 0.004 8 0.7673794966185175 5 15.670786216359875 9.36 3.447613783640125 2.6399999999999997
0.78 0.004 9 0.7818534154901712 5 15.670786216359875 9.36 3.447613783640125 2.6399999999999997
0.86 0.004 0 0.8205755936901338 4 15.701519535395859 10.32 2.188080464604143 1.6800000000000002
0.86 0.004 1 0.7852791489627697 5 15.701519535395859 10.32 2.188080464604143 1.6800000000000002
0.86 0.004 2 0.8679795678034732 3 15.701519535395859 10.32 2.188080464604143 1.6800000000000002
0.86 0.004 3 0.8693334792493214 3 15.701519535395859 10.32 2.188080464604143 1.6800000000000002
0.86 0.004 4 0.8448479746901424 3 15.701519535395859 10.32 2.188080464604143 1.6800000000000002
0.86 0.004 5 0.7654119943220414 5 15.701519535395859 10.32 2.188080464604143 1.6800000000000002
0.86 0.004 6 0.8202192847027011 4 15.701519535395859 10.32 2.188080464604143 1.6800000000000002
0.86 0.004 7 0.8436234905591807 5 15.701519535395859 10.32 2.188080464604143 1.6800000000000002
0.86 0.004 8 0.8027808709046844 5 15.701519535395859 10.32 2.188080464604143 1.6800000000000002
0.86 0.004 9 0.8248527786558322 4 15.701519535395859 10.32 2.188080464604143 1.6800000000000002
0.82 0.004 0 0.8032772685893936 5 15.71518569830815 9.84 2.827214301691849 2.1600000000000006
0.82 0.004 1 0.7894215814946013 4 15.71518569830815 9.84 2.827214301691849 2.1600000000000006
0.82 0.004 2 0.7849134388714636 4 15.71518569830815 9.84 2.827214301691849 2.1600000000000006
0.82 0.004 3 0.7907443945707563 5 15.71518569830815 9.84 2.827214301691849 2.1600000000000006
0.82 0.004 4 0.7814484351619839 5 15.71518569830815 9.84 2.827214301691849 2.1600000000000006
0.82 0.004 5 0.7806396448200984 4 15.71518569830815 9.84 2.827214301691849 2.1600000000000006
0.82 0.004 6 0.7822024130746447 5 15.71518569830815 9.84 2.827214301691849 2.1600000000000006
0.82 0.004 7 0.7620233397924235 5 15.71518569830815 9.84 2.827214301691849 2.1600000000000006
0.82 0.004 8 0.7435696031644771 5 15.71518569830815 9.84 2.827214301691849 2.1600000000000006
0.82 0.004 9 0.7829387077743735 5 15.71518569830815 9.84 2.827214301691849 2.1600000000000006
0.9 0.004 0 0.9006344082016093 3 15.61639112045372 10.8 1.5436088795462766 1.1999999999999997
0.9 0.004 1 0.882519409662832 3 15.61639112045372 10.8 1.5436088795462766 1.1999999999999997
0.9 0.004 2 0.8636530243840819 4 15.61639112045372 10.8 1.5436088795462766 1.1999999999999997
0.9 0.004 3 0.8791633502557485 3 15.61639112045372 10.8 1.5436088795462766 1.1999999999999997
0.9 0.004 4 0.7285147160388807 5 15.61639112045372 10.8 1.5436088795462766 1.1999999999999997
0.9 0.004 5 0.898189748756327 3 15.61639112045372 10.8 1.5436088795462766 1.1999999999999997
0.9 0.004 6 0.8612447022346139 4 15.61639112045372 10.8 1.5436088795462766 1.1999999999999997
0.9 0.004 7 0.8496386226874143 4 15.61639112045372 10.8 1.5436088795462766 1.1999999999999997
0.9 0.004 8 0.8479541955733535 4 15.61639112045372 10.8 1.5436088795462766 1.1999999999999997
0.9 0.004 9 0.7185902043048255 5 15.61639112045372 10.8 1.5436088795462766 1.1999999999999997
0.88 0.004 0 0.847336088887936 4 15.6687224755122 10.56 1.8656775244878048 1.44
0.88 0.004 1 0.85462797270345 5 15.6687224755122 10.56 1.8656775244878048 1.44
0.88 0.004 2 0.7761647764796157 5 15.6687224755122 10.56 1.8656775244878048 1.44
0.88 0.004 3 0.823635217845587 5 15.6687224755122 10.56 1.8656775244878048 1.44
0.88 0.004 4 0.7520808566498067 5 15.6687224755122 10.56 1.8656775244878048 1.44
0.88 0.004 5 0.813865545992428 5 15.6687224755122 10.56 1.8656775244878048 1.44
0.88 0.004 6 0.8270554712588399 5 15.6687224755122 10.56 1.8656775244878048 1.44
0.88 0.004 7 0.8485409952881504 4 15.6687224755122 10.56 1.8656775244878048 1.44
0.88 0.004 8 0.8127338766168456 5 15.6687224755122 10.56 1.8656775244878048 1.44
0.88 0.004 9 0.792281473471876 5 15.6687224755122 10.56 1.8656775244878048 1.44
0.84 0.004 0 0.7780868772956324 5 15.716452661974282 10.08 2.5091473380257203 1.9200000000000006
0.84 0.004 1 0.7797508685517419 5 15.716452661974282 10.08 2.5091473380257203 1.9200000000000006
0.84 0.004 2 0.8076868022716506 5 15.716452661974282 10.08 2.5091473380257203 1.9200000000000006
0.84 0.004 3 0.797223836947086 5 15.716452661974282 10.08 2.5091473380257203 1.9200000000000006
0.84 0.004 4 0.7915870484020097 5 15.716452661974282 10.08 2.5091473380257203 1.9200000000000006
0.84 0.004 5 0.8212950626290643 4 15.716452661974282 10.08 2.5091473380257203 1.9200000000000006
0.84 0.004 6 0.8227808559655996 4 15.716452661974282 10.08 2.5091473380257203 1.9200000000000006
0.84 0.004 7 0.77326849114035 5 15.716452661974282 10.08 2.5091473380257203 1.9200000000000006
0.84 0.004 8 0.7697393076744833 5 15.716452661974282 10.08 2.5091473380257203 1.9200000000000006
0.84 0.004 9 0.8068729235437722 4 15.716452661974282 10.08 2.5091473380257203 1.9200000000000006
0.94 0.004 0 0.9318571803329581 3 15.446285902042867 11.28 0.9073140979571318 0.7200000000000008
0.94 0.004 1 0.6885454068790362 5 15.446285902042867 11.28 0.9073140979571318 0.7200000000000008
0.94 0.004 2 0.6936688269617366 5 15.446285902042867 11.28 0.9073140979571318 0.7200000000000008
0.94 0.004 3 0.93518686047344 3 15.446285902042867 11.28 0.9073140979571318 0.7200000000000008
0.94 0.004 4 0.9101990274056264 4 15.446285902042867 11.28 0.9073140979571318 0.7200000000000008
0.94 0.004 5 0.683785615122694 5 15.446285902042867 11.28 0.9073140979571318 0.7200000000000008
0.94 0.004 6 0.9237883442092304 3 15.446285902042867 11.28 0.9073140979571318 0.7200000000000008
0.94 0.004 7 0.687078530532588 5 15.446285902042867 11.28 0.9073140979571318 0.7200000000000008
0.94 0.004 8 0.68526423849319 5 15.446285902042867 11.28 0.9073140979571318 0.7200000000000008
0.94 0.004 9 0.9240073860170671 4 15.446285902042867 11.28 0.9073140979571318 0.7200000000000008
0.92 0.004 0 0.8803230675588265 4 15.54282801268334 11.040000000000001 1.2235719873166573 0.9599999999999995
0.92 0.004 1 0.6848527343092685 5 15.54282801268334 11.040000000000001 1.2235719873166573 0.9599999999999995
0.92 0.004 2 0.6929839420687054 5 15.54282801268334 11.040000000000001 1.2235719873166573 0.9599999999999995
0.92 0.004 3 0.9082671123719067 3 15.54282801268334 11.040000000000001 1.2235719873166573 0.9599999999999995
0.92 0.004 4 0.8820528071336864 4 15.54282801268334 11.040000000000001 1.2235719873166573 0.9599999999999995
0.92 0.004 5 0.8724846038220846 4 15.54282801268334 11.040000000000001 1.2235719873166573 0.9599999999999995
0.92 0.004 6 0.908502978299708 3 15.54282801268334 11.040000000000001 1.2235719873166573 0.9599999999999995
0.92 0.004 7 0.8773126697744655 4 15.54282801268334 11.040000000000001 1.2235719873166573 0.9599999999999995
0.92 0.004 8 0.887613089085306 4 15.54282801268334 11.040000000000001 1.2235719873166573 0.9599999999999995
0.92 0.004 9 0.9125565488645935 3 15.54282801268334 11.040000000000001 1.2235719873166573 0.9599999999999995
0.96 0.004 0 0.9407856761054657 3 15.32494218222326 11.52 0.5966578177767379 0.4800000000000005
0.96 0.004 1 0.9515239945951633 4 15.32494218222326 11.52 0.5966578177767379 0.4800000000000005
0.96 0.004 2 0.9419526193526165 4 15.32494218222326 11.52 0.5966578177767379 0.4800000000000005
0.96 0.004 3 0.9487947387449478 3 15.32494218222326 11.52 0.5966578177767379 0.4800000000000005
0.96 0.004 4 0.6858088459966838 5 15.32494218222326 11.52 0.5966578177767379 0.4800000000000005
0.96 0.004 5 0.6803156906308638 5 15.32494218222326 11.52 0.5966578177767379 0.4800000000000005
0.96 0.004 6 0.931493839000565 4 15.32494218222326 11.52 0.5966578177767379 0.4800000000000005
0.96 0.004 7 0.6779679803220734 5 15.32494218222326 11.52 0.5966578177767379 0.4800000000000005
0.96 0.004 8 0.6745327115087055 5 15.32494218222326 11.52 0.5966578177767379 0.4800000000000005
0.96 0.004 9 0.9466743673957998 3 15.32494218222326 11.52 0.5966578177767379 0.4800000000000005
1.0 0.004 0 0.9942950723557441 2 15.0 12.0
1.0 0.004 1 0.9955099927175928 3 15.0 12.0
1.0 0.004 2 0.9978341658283101 3 15.0 12.0
1.0 0.004 3 0.9978341658283101 2 15.0 12.0
1.0 0.004 4 0.9918521350999178 3 15.0 12.0
1.0 0.004 5 1.0 2 15.0 12.0
1.0 0.004 6 0.6698363348244484 4 15.0 12.0
1.0 0.004 7 0.6855242864108458 4 15.0 12.0
1.0 0.004 8 0.6768965225834186 5 15.0 12.0
1.0 0.004 9 0.7194940662157405 4 15.0 12.0
0.98 0.004 0 0.6781894374569077 5 15.176869361104405 11.76 0.2935306388955968 0.24000000000000024
0.98 0.004 1 0.9572492996425764 4 15.176869361104405 11.76 0.2935306388955968 0.24000000000000024
0.98 0.004 2 0.9656371984811506 3 15.176869361104405 11.76 0.2935306388955968 0.24000000000000024
0.98 0.004 3 0.9645061057057847 3 15.176869361104405 11.76 0.2935306388955968 0.24000000000000024
0.98 0.004 4 0.8249963261898005 4 15.176869361104405 11.76 0.2935306388955968 0.24000000000000024
0.98 0.004 5 0.9551927256852468 4 15.176869361104405 11.76 0.2935306388955968 0.24000000000000024
0.98 0.004 6 0.8993197277895895 4 15.176869361104405 11.76 0.2935306388955968 0.24000000000000024
0.98 0.004 7 0.6640807728459456 5 15.176869361104405 11.76 0.2935306388955968 0.24000000000000024
0.98 0.004 8 0.957080161838606 3 15.176869361104405 11.76 0.2935306388955968 0.24000000000000024
0.98 0.004 9 0.9534395141548917 4 15.176869361104405 11.76 0.2935306388955968 0.24000000000000024
