0.5 0.00099 0 0.0 1 15.999999999999998 2.475 2.475 2.475
0.5 0.00118 0 0.0007448513940896253 2 16.000000000000004 2.95 2.95 2.95
0.5 0.00154 0 0.007953489797964303 3 16.000000000000004 3.8499999999999996 3.8500000000000005 3.8499999999999996
0.5 0.00136 0 0.0 1 15.999999999999998 3.4 3.399999999999999 3.4
0.5 0.00246 0 0.7324661154170261 4 16.0 6.1499999999999995 6.149999999999999 6.1499999999999995
0.5 0.00302 0 0.8901983236988322 4 16.000000000000004 7.550000000000001 7.550000000000002 7.550000000000001
0.5 0.00283 0 0.8597843924565818 4 16.0 7.075 7.075 7.075
0.5 0.0032 0 0.9078226641366649 6 16.0 8.0 8.000000000000002 8.0
0.5 0.00265 0 0.7773272861344575 4 16.0 6.625 6.625000000000001 6.625
0.5 0.00228 0 0.6278852511537356 4 16.0 5.7 5.7 5.7
0.5 0.00173 0 0.22744003641438149 4 16.0 4.324999999999999 4.324999999999999 4.324999999999999
0.5 0.00191 0 0.33128470300312324 6 15.999999999999998 4.775 4.7749999999999995 4.775
0.5 0.0021 0 0.4959166799405221 4 16.0 5.25 5.250000000000001 5.25
