0.12 0.004 0 0.8687210951797649 3 15.6687224755122 10.56 1.8656775244878034 1.44
0.12 0.004 1 0.7519118804318259 5 15.6687224755122 10.56 1.8656775244878034 1.44
0.12 0.004 2 0.8767984773996698 3 15.6687224755122 10.56 1.8656775244878034 1.44
0.12 0.004 3 0.8377183211872178 4 15.6687224755122 10.56 1.8656775244878034 1.44
0.12 0.004 4 0.7819812867711002 5 15.6687224755122 10.56 1.8656775244878034 1.44
0.12 0.004 5 0.8644626636467169 3 15.6687224755122 10.56 1.8656775244878034 1.44
0.12 0.004 6 0.8803469606549299 3 15.6687224755122 10.56 1.8656775244878034 1.44
0.12 0.004 7 0.84023353118335 4 15.6687224755122 10.56 1.8656775244878034 1.44
0.12 0.004 8 0.7157308488637824 5 15.6687224755122 10.56 1.8656775244878034 1.44
0.12 0.004 9 0.8252194259284998 4 15.6687224755122 10.56 1.8656775244878034 1.44
0.0 0.004 0 0.9938360312667981 3 15.0 12.0
0.0 0.004 1 0.9942950723557441 3 15.0 12.0
0.0 0.004 2 1.0 2 15.0 12.0
0.0 0.004 3 0.9938360312667981 2 15.0 12.0
0.0 0.004 4 0.6763671665546643 4 15.0 12.0
0.0 0.004 5 0.9978341658283101 2 15.0 12.0
0.0 0.004 6 0.9915951148050589 3 15.0 12.0
0.0 0.004 7 0.9938360312667983 2 15.0 12.0
0.0 0.004 8 0.6957732954221393 4 15.0 12.0
0.0 0.004 9 0.9956684119896018 2 15.0 12.0
0.08 0.004 0 0.9152201275522517 3 15.54282801268334 11.040000000000001 1.2235719873166586 0.96
0.08 0.004 1 0.9204783564969596 3 15.54282801268334 11.040000000000001 1.2235719873166586 0.96
0.08 0.004 2 0.8941013474158637 4 15.54282801268334 11.040000000000001 1.2235719873166586 0.96
0.08 0.004 3 0.7009477626647175 5 15.54282801268334 11.040000000000001 1.2235719873166586 0.96
0.08 0.004 4 0.8774237917177818 4 15.54282801268334 11.040000000000001 1.2235719873166586 0.96
0.08 0.004 5 0.8877606361686292 4 15.54282801268334 11.040000000000001 1.2235719873166586 0.96
0.08 0.004 6 0.8833138151072998 4 15.54282801268334 11.040000000000001 1.2235719873166586 0.96
0.08 0.004 7 0.6948859202210869 5 15.54282801268334 11.040000000000001 1.2235719873166586 0.96
0.08 0.004 8 0.9211660456884438 3 15.54282801268334 11.040000000000001 1.2235719873166586 0.96
0.08 0.004 9 0.8857850584295777 4 15.54282801268334 11.040000000000001 1.2235719873166586 0.96
0.14 0.004 0 0.7298821099521382 5 15.701519535395859 10.32 2.188080464604143 1.6800000000000002
0.14 0.004 1 0.8260249385862346 4 15.701519535395859 10.32 2.188080464604143 1.6800000000000002
0.14 0.004 2 0.850541712884526 5 15.701519535395859 10.32 2.188080464604143 1.6800000000000002
0.14 0.004 3 0.8299840003806572 5 15.701519535395859 10.32 2.188080464604143 1.6800000000000002
0.14 0.004 4 0.8531609455986878 4 15.701519535395859 10.32 2.188080464604143 1.6800000000000002
0.14 0.004 5 0.8203852451837524 5 15.701519535395859 10.32 2.188080464604143 1.6800000000000002
0.14 0.004 6 0.856489737303353 3 15.701519535395859 10.32 2.188080464604143 1.6800000000000002
0.14 0.004 7 0.8376775056635687 4 15.701519535395859 10.32 2.188080464604143 1.6800000000000002
0.14 0.004 8 0.8147844133268871 4 15.701519535395859 10.32 2.188080464604143 1.6800000000000002
0.14 0.004 9 0.8245103556567156 5 15.701519535395859 10.32 2.188080464604143 1.6800000000000002
0.06 0.004 0 0.8950339260444463 4 15.446285902042867 11.28 0.907314097957133 0.72
0.06 0.004 1 0.9119357949938663 4 15.446285902042867 11.28 0.907314097957133 0.72
0.06 0.004 2 0.6855108283133667 5 15.446285902042867 11.28 0.907314097957133 0.72
0.06 0.004 3 0.9050984772312248 4 15.446285902042867 11.28 0.907314097957133 0.72
0.06 0.004 4 0.9194319525292503 3 15.446285902042867 11.28 0.907314097957133 0.72
0.06 0.004 5 0.9002385606043403 4 15.446285902042867 11.28 0.907314097957133 0.72
0.06 0.004 6 0.9264629758436155 3 15.446285902042867 11.28 0.907314097957133 0.72
0.06 0.004 7 0.6842009684893617 5 15.446285902042867 11.28 0.907314097957133 0.72
0.06 0.004 8 0.9328406747591169 4 15.446285902042867 11.28 0.907314097957133 0.72
0.06 0.004 9 0.6830965607000243 5 15.446285902042867 11.28 0.907314097957133 0.72
0.1 0.004 0 0.8615762944676001 4 15.61639112045372 10.8 1.5436088795462766 1.2
0.1 0.004 1 0.8752810892286921 4 15.61639112045372 10.8 1.5436088795462766 1.2
0.1 0.004 2 0.8830702748084096 4 15.61639112045372 10.8 1.5436088795462766 1.2
0.1 0.004 3 0.9034305725643468 3 15.61639112045372 10.8 1.5436088795462766 1.2
0.1 0.004 4 0.8582280387265528 4 15.61639112045372 10.8 1.5436088795462766 1.2
0.1 0.004 5 0.8837527823669913 4 15.61639112045372 10.8 1.5436088795462766 1.2
0.1 0.004 6 0.859549982081163 4 15.61639112045372 10.8 1.5436088795462766 1.2
0.1 0.004 7 0.8881697040100824 3 15.61639112045372 10.8 1.5436088795462766 1.2
0.1 0.004 8 0.8672771630802038 4 15.61639112045372 10.8 1.5436088795462766 1.2
0.1 0.004 9 0.6770656954856665 5 15.61639112045372 10.8 1.5436088795462766 1.2
0.04 0.004 0 0.6807599300618152 5 15.32494218222326 11.52 0.5966578177767379 0.48
0.04 0.004 1 0.6847427994405214 5 15.32494218222326 11.52 0.5966578177767379 0.48
0.04 0.004 2 0.9356766216931688 4 15.32494218222326 11.52 0.5966578177767379 0.48
0.04 0.004 3 0.8652224995943524 4 15.32494218222326 11.52 0.5966578177767379 0.48
0.04 0.004 4 0.6810867370087682 5 15.32494218222326 11.52 0.5966578177767379 0.48
0.04 0.004 5 0.6832175896564052 5 15.32494218222326 11.52 0.5966578177767379 0.48
0.04 0.004 6 0.8798977711486969 4 15.32494218222326 11.52 0.5966578177767379 0.48
0.04 0.004 7 0.9374219734307385 4 15.32494218222326 11.52 0.5966578177767379 0.48
0.04 0.004 8 0.9458221144854622 4 15.32494218222326 11.52 0.5966578177767379 0.48
0.04 0.004 9 0.9293227909555302 4 15.32494218222326 11.52 0.5966578177767379 0.48
0.02 0.004 0 0.9644887301076639 3 15.176869361104403 11.76 0.29353063889559805 0.24
0.02 0.004 1 0.676129618388583 5 15.176869361104403 11.76 0.29353063889559805 0.24
0.02 0.004 2 0.8058986004989688 4 15.176869361104403 11.76 0.29353063889559805 0.24
0.02 0.004 3 0.9557923662266323 4 15.176869361104403 11.76 0.29353063889559805 0.24
0.02 0.004 4 0.8469510150588823 4 15.176869361104403 11.76 0.29353063889559805 0.24
0.02 0.004 5 0.8348493402298389 4 15.176869361104403 11.76 0.29353063889559805 0.24
0.02 0.004 6 0.9748198896170716 3 15.176869361104403 11.76 0.29353063889559805 0.24
0.02 0.004 7 0.9447517049177112 4 15.176869361104403 11.76 0.29353063889559805 0.24
0.02 0.004 8 0.672388674604179 5 15.176869361104403 11.76 0.29353063889559805 0.24
0.02 0.004 9 0.9627468879328481 3 15.176869361104403 11.76 0.29353063889559805 0.24
0.26 0.004 0 0.7408166441905732 5 15.582180957463313 8.88 4.035419042536688 3.12
0.26 0.004 1 0.745478923722545 5 15.582180957463313 8.88 4.035419042536688 3.12
0.26 0.004 2 0.7556224454068469 5 15.582180957463313 8.88 4.035419042536688 3.12
0.26 0.004 3 0.7571787380945176 5 15.582180957463313 8.88 4.035419042536688 3.12
0.26 0.004 4 0.7508961561933691 5 15.582180957463313 8.88 4.035419042536688 3.12
0.26 0.004 5 0.7510673770616597 5 15.582180957463313 8.88 4.035419042536688 3.12
0.26 0.004 6 0.7575783596324345 5 15.582180957463313 8.88 4.035419042536688 3.12
0.26 0.004 7 0.776149037357863 5 15.582180957463313 8.88 4.035419042536688 3.12
0.26 0.004 8 0.7640929282745038 5 15.582180957463313 8.88 4.035419042536688 3.12
0.26 0.004 9 0.7578151679681863 5 15.582180957463313 8.88 4.035419042536688 3.12
0.24 0.004 0 0.7437983936377763 5 15.63111130790032 9.120000000000001 3.7464886920996814 2.88
0.24 0.004 1 0.7424002004633774 5 15.63111130790032 9.120000000000001 3.7464886920996814 2.88
0.24 0.004 2 0.7411000772527963 5 15.63111130790032 9.120000000000001 3.7464886920996814 2.88
0.24 0.004 3 0.7455361938020164 5 15.63111130790032 9.120000000000001 3.7464886920996814 2.88
0.24 0.004 4 0.7530908161355285 5 15.63111130790032 9.120000000000001 3.7464886920996814 2.88
0.24 0.004 5 0.7348820249213851 5 15.63111130790032 9.120000000000001 3.7464886920996814 2.88
0.24 0.004 6 0.7400440617750845 5 15.63111130790032 9.120000000000001 3.7464886920996814 2.88
0.24 0.004 7 0.7405950135315974 5 15.63111130790032 9.120000000000001 3.7464886920996814 2.88
0.24 0.004 8 0.7063933747267932 5 15.63111130790032 9.120000000000001 3.7464886920996814 2.88
0.24 0.004 9 0.7268742136332312 5 15.63111130790032 9.120000000000001 3.7464886920996814 2.88
0.18 0.004 0 0.7847978378322764 4 15.715185698308153 9.84 2.8272143016918476 2.16
0.18 0.004 1 0.7730572947459112 5 15.715185698308153 9.84 2.8272143016918476 2.16
0.18 0.004 2 0.7950744543955356 4 15.715185698308153 9.84 2.8272143016918476 2.16
0.18 0.004 3 0.7850216823357536 5 15.715185698308153 9.84 2.8272143016918476 2.16
0.18 0.004 4 0.7856087986752323 5 15.715185698308153 9.84 2.8272143016918476 2.16
0.18 0.004 5 0.785402139411695 5 15.715185698308153 9.84 2.8272143016918476 2.16
0.18 0.004 6 0.7707859417287252 5 15.715185698308153 9.84 2.8272143016918476 2.16
0.18 0.004 7 0.7560487446537484 5 15.715185698308153 9.84 2.8272143016918476 2.16
0.18 0.004 8 0.800090657280093 5 15.715185698308153 9.84 2.8272143016918476 2.16
0.18 0.004 9 0.7998221095385182 5 15.715185698308153 9.84 2.8272143016918476 2.16
0.2 0.004 0 0.7418269874478223 5 15.699394875304465 9.6 3.1406051246955315 2.4
0.2 0.004 1 0.7616137175912092 5 15.699394875304465 9.6 3.1406051246955315 2.4
0.2 0.004 2 0.7791960650469504 5 15.699394875304465 9.6 3.1406051246955315 2.4
0.2 0.004 3 0.75045486394638 5 15.699394875304465 9.6 3.1406051246955315 2.4
0.2 0.004 4 0.7953904953803785 5 15.699394875304465 9.6 3.1406051246955315 2.4
0.2 0.004 5 0.7753290881975947 5 15.699394875304465 9.6 3.1406051246955315 2.4
0.2 0.004 6 0.7589945659548945 5 15.699394875304465 9.6 3.1406051246955315 2.4
0.2 0.004 7 0.7550959407803888 5 15.699394875304465 9.6 3.1406051246955315 2.4
0.2 0.004 8 0.7844036354493573 5 15.699394875304465 9.6 3.1406051246955315 2.4
0.2 0.004 9 0.7805076991299142 5 15.699394875304465 9.6 3.1406051246955315 2.4
0.16 0.004 0 0.7987359785167968 5 15.716452661974282 10.08 2.5091473380257203 1.92
0.16 0.004 1 0.8208818544425868 5 15.716452661974282 10.08 2.5091473380257203 1.92
0.16 0.004 2 0.8008846300404426 4 15.716452661974282 10.08 2.5091473380257203 1.92
0.16 0.004 3 0.8294568505928019 5 15.716452661974282 10.08 2.5091473380257203 1.92
0.16 0.004 4 0.8360835833262212 4 15.716452661974282 10.08 2.5091473380257203 1.92
0.16 0.004 5 0.8289183208331934 5 15.716452661974282 10.08 2.5091473380257203 1.92
0.16 0.004 6 0.8090276083388991 4 15.716452661974282 10.08 2.5091473380257203 1.92
0.16 0.004 7 0.8217203879111972 5 15.716452661974282 10.08 2.5091473380257203 1.92
0.16 0.004 8 0.8277026796079265 5 15.716452661974282 10.08 2.5091473380257203 1.92
0.16 0.004 9 0.797475302585488 5 15.716452661974282 10.08 2.5091473380257203 1.92
0.22 0.004 0 0.774176024437676 5 15.670786216359875 9.36 3.447613783640125 2.64
0.22 0.004 1 0.7658364170526193 5 15.670786216359875 9.36 3.447613783640125 2.64
0.22 0.004 2 0.7681486990353923 5 15.670786216359875 9.36 3.447613783640125 2.64
0.22 0.004 3 0.7659751830813105 5 15.670786216359875 9.36 3.447613783640125 2.64
0.22 0.004 4 0.7129469409023517 5 15.670786216359875 9.36 3.447613783640125 2.64
0.22 0.004 5 0.727697185278304 5 15.670786216359875 9.36 3.447613783640125 2.64
0.22 0.004 6 0.7764551078012208 4 15.670786216359875 9.36 3.447613783640125 2.64
0.22 0.004 7 0.7172721763566768 5 15.670786216359875 9.36 3.447613783640125 2.64
0.22 0.004 8 0.7377907587870021 5 15.670786216359875 9.36 3.447613783640125 2.64
0.22 0.004 9 0.7501925315083451 5 15.670786216359875 9.36 3.447613783640125 2.64
0.3 0.004 0 0.742691954019966 5 15.464152826657239 8.4 4.575847173342761 3.6
0.3 0.004 1 0.7486601067467147 5 15.464152826657239 8.4 4.575847173342761 3.6
0.3 0.004 2 0.7541767023609649 5 15.464152826657239 8.4 4.575847173342761 3.6
0.3 0.004 3 0.7596685572947748 5 15.464152826657239 8.4 4.575847173342761 3.6
0.3 0.004 4 0.7456517689621037 4 15.464152826657239 8.4 4.575847173342761 3.6
0.3 0.004 5 0.7451736265917829 5 15.464152826657239 8.4 4.575847173342761 3.6
0.3 0.004 6 0.7447573284935085 5 15.464152826657239 8.4 4.575847173342761 3.6
0.3 0.004 7 0.7691767332776173 5 15.464152826657239 8.4 4.575847173342761 3.6
0.3 0.004 8 0.754594436000861 5 15.464152826657239 8.4 4.575847173342761 3.6
0.3 0.004 9 0.7433211684031843 4 15.464152826657239 8.4 4.575847173342761 3.6
0.28 0.004 0 0.7593280941275112 4 15.525875849378133 8.64 4.312524150621868 3.3600000000000003
0.28 0.004 1 0.7039115725728002 5 15.525875849378133 8.64 4.312524150621868 3.3600000000000003
0.28 0.004 2 0.7363876283840527 5 15.525875849378133 8.64 4.312524150621868 3.3600000000000003
0.28 0.004 3 0.7609449526206031 5 15.525875849378133 8.64 4.312524150621868 3.3600000000000003
0.28 0.004 4 0.7418275119164056 5 15.525875849378133 8.64 4.312524150621868 3.3600000000000003
0.28 0.004 5 0.7576987317291204 5 15.525875849378133 8.64 4.312524150621868 3.3600000000000003
0.28 0.004 6 0.7340939466009146 5 15.525875849378133 8.64 4.312524150621868 3.3600000000000003
0.28 0.004 7 0.7287777821661569 5 15.525875849378133 8.64 4.312524150621868 3.3600000000000003
0.28 0.004 8 0.7571405114057973 5 15.525875849378133 8.64 4.312524150621868 3.3600000000000003
0.28 0.004 9 0.7541026267262416 5 15.525875849378133 8.64 4.312524150621868 3.3600000000000003
0.32 0.004 0 0.7475631239713668 5 15.39904489938954 8.16 4.823355100610457 3.84
0.32 0.004 1 0.7245475143298749 5 15.39904489938954 8.16 4.823355100610457 3.84
0.32 0.004 2 0.7303966492413431 5 15.39904489938954 8.16 4.823355100610457 3.84
0.32 0.004 3 0.7047609664522282 5 15.39904489938954 8.16 4.823355100610457 3.84
0.32 0.004 4 0.7418711516399851 5 15.39904489938954 8.16 4.823355100610457 3.84
0.32 0.004 5 0.713739829217909 5 15.39904489938954 8.16 4.823355100610457 3.84
0.32 0.004 6 0.7455403952625207 5 15.39904489938954 8.16 4.823355100610457 3.84
0.32 0.004 7 0.7240874997914327 5 15.39904489938954 8.16 4.823355100610457 3.84
0.32 0.004 8 0.7131341377006497 5 15.39904489938954 8.16 4.823355100610457 3.84
0.32 0.004 9 0.7367643796118268 5 15.39904489938954 8.16 4.823355100610457 3.84
0.34 0.004 0 0.7314692252510372 5 15.332652573761235 7.919999999999999 5.052947426238765 4.080000000000001
0.34 0.004 1 0.7278336521205054 5 15.332652573761235 7.919999999999999 5.052947426238765 4.080000000000001
0.34 0.004 2 0.7190675414233091 5 15.332652573761235 7.919999999999999 5.052947426238765 4.080000000000001
0.34 0.004 3 0.7275898462836291 4 15.332652573761235 7.919999999999999 5.052947426238765 4.080000000000001
0.34 0.004 4 0.7011115563162666 5 15.332652573761235 7.919999999999999 5.052947426238765 4.080000000000001
0.34 0.004 5 0.7378936922200289 5 15.332652573761235 7.919999999999999 5.052947426238765 4.080000000000001
0.34 0.004 6 0.7158093595431467 5 15.332652573761235 7.919999999999999 5.052947426238765 4.080000000000001
0.34 0.004 7 0.7412988703663104 4 15.332652573761235 7.919999999999999 5.052947426238765 4.080000000000001
0.34 0.004 8 0.7395353125620981 4 15.332652573761235 7.919999999999999 5.052947426238765 4.080000000000001
0.34 0.004 9 0.7322350294815888 5 15.332652573761235 7.919999999999999 5.052947426238765 4.080000000000001
0.36 0.004 0 0.697658759528665 5 15.267123748019516 7.68 5.262476251980487 4.32
0.36 0.004 1 0.7501469452821642 4 15.267123748019516 7.68 5.262476251980487 4.32
0.36 0.004 2 0.7406830995487134 5 15.267123748019516 7.68 5.262476251980487 4.32
0.36 0.004 3 0.7304664841666302 5 15.267123748019516 7.68 5.262476251980487 4.32
0.36 0.004 4 0.7464051760232119 5 15.267123748019516 7.68 5.262476251980487 4.32
0.36 0.004 5 0.7289338995144066 4 15.267123748019516 7.68 5.262476251980487 4.32
0.36 0.004 6 0.7004871057086981 5 15.267123748019516 7.68 5.262476251980487 4.32
0.36 0.004 7 0.7361308601954157 5 15.267123748019516 7.68 5.262476251980487 4.32
0.36 0.004 8 0.7230920789659043 4 15.267123748019516 7.68 5.262476251980487 4.32
0.36 0.004 9 0.7372824409461793 4 15.267123748019516 7.68 5.262476251980487 4.32
0.38 0.004 0 0.7034142094436672 5 15.204619448847925 7.44 5.449780551152075 4.5600000000000005
0.38 0.004 1 0.7128050117278173 4 15.204619448847925 7.44 5.449780551152075 4.5600000000000005
0.38 0.004 2 0.7276494292000042 5 15.204619448847925 7.44 5.449780551152075 4.5600000000000005
0.38 0.004 3 0.7326655116060182 4 15.204619448847925 7.44 5.449780551152075 4.5600000000000005
0.38 0.004 4 0.7183933865040988 5 15.204619448847925 7.44 5.449780551152075 4.5600000000000005
0.38 0.004 5 0.7112549253507019 5 15.204619448847925 7.44 5.449780551152075 4.5600000000000005
0.38 0.004 6 0.738925167380686 5 15.204619448847925 7.44 5.449780551152075 4.5600000000000005
0.38 0.004 7 0.7349635920906467 5 15.204619448847925 7.44 5.449780551152075 4.5600000000000005
0.38 0.004 8 0.7192497140772162 5 15.204619448847925 7.44 5.449780551152075 4.5600000000000005
0.38 0.004 9 0.7177626630473507 5 15.204619448847925 7.44 5.449780551152075 4.5600000000000005
0.4 0.004 0 0.7203371556983615 5 15.147263365915503 7.2 5.612736634084499 4.8
0.4 0.004 1 0.7111251487949272 5 15.147263365915503 7.2 5.612736634084499 4.8
0.4 0.004 2 0.701434363066431 5 15.147263365915503 7.2 5.612736634084499 4.8
0.4 0.004 3 0.7279721828477381 4 15.147263365915503 7.2 5.612736634084499 4.8
0.4 0.004 4 0.6830804641255933 5 15.147263365915503 7.2 5.612736634084499 4.8
0.4 0.004 5 0.7250230680087163 5 15.147263365915503 7.2 5.612736634084499 4.8
0.4 0.004 6 0.7161417906685204 4 15.147263365915503 7.2 5.612736634084499 4.8
0.4 0.004 7 0.7214028474544246 5 15.147263365915503 7.2 5.612736634084499 4.8
0.4 0.004 8 0.7121204437257846 5 15.147263365915503 7.2 5.612736634084499 4.8
0.4 0.004 9 0.7452740741146572 5 15.147263365915503 7.2 5.612736634084499 4.8
0.42 0.004 0 0.729273141735081 5 15.097074760838163 6.960000000000001 5.749325239161836 5.04
0.42 0.004 1 0.719120050663378 5 15.097074760838163 6.960000000000001 5.749325239161836 5.04
0.42 0.004 2 0.7179693594795196 5 15.097074760838163 6.960000000000001 5.749325239161836 5.04
0.42 0.004 3 0.7203352298007498 5 15.097074760838163 6.960000000000001 5.749325239161836 5.04
0.42 0.004 4 0.7058337885558521 5 15.097074760838163 6.960000000000001 5.749325239161836 5.04
0.42 0.004 5 0.7497201222688912 4 15.097074760838163 6.960000000000001 5.749325239161836 5.04
0.42 0.004 6 0.7083525120243066 5 15.097074760838163 6.960000000000001 5.749325239161836 5.04
0.42 0.004 7 0.7065924177116237 5 15.097074760838163 6.960000000000001 5.749325239161836 5.04
0.42 0.004 8 0.7013075834631399 5 15.097074760838163 6.960000000000001 5.749325239161836 5.04
0.42 0.004 9 0.7442779172798363 5 15.097074760838163 6.960000000000001 5.749325239161836 5.04
0.44 0.004 0 0.722493920606422 5 15.05588700504785 6.720000000000001 5.857712994952151 5.28
0.44 0.004 1 0.7241945746028675 4 15.05588700504785 6.720000000000001 5.857712994952151 5.28
0.44 0.004 2 0.72077599822654 5 15.05588700504785 6.720000000000001 5.857712994952151 5.28
0.44 0.004 3 0.759470415015417 4 15.05588700504785 6.720000000000001 5.857712994952151 5.28
0.44 0.004 4 0.7284169109603831 5 15.05588700504785 6.720000000000001 5.857712994952151 5.28
0.44 0.004 5 0.7321404238527299 5 15.05588700504785 6.720000000000001 5.857712994952151 5.28
0.44 0.004 6 0.7123432359765831 4 15.05588700504785 6.720000000000001 5.857712994952151 5.28
0.44 0.004 7 0.719982929777056 5 15.05588700504785 6.720000000000001 5.857712994952151 5.28
0.44 0.004 8 0.7280041109006254 4 15.05588700504785 6.720000000000001 5.857712994952151 5.28
0.44 0.004 9 0.7029484855835962 4 15.05588700504785 6.720000000000001 5.857712994952151 5.28
0.48 0.004 0 0.720621791004202 5 15.00637843584135 6.24 5.984021564158651 5.76
0.48 0.004 1 0.720789584676232 4 15.00637843584135 6.24 5.984021564158651 5.76
0.48 0.004 2 0.7159653837030004 4 15.00637843584135 6.24 5.984021564158651 5.76
0.48 0.004 3 0.7154565989016336 5 15.00637843584135 6.24 5.984021564158651 5.76
0.48 0.004 4 0.7136136516132152 5 15.00637843584135 6.24 5.984021564158651 5.76
0.48 0.004 5 0.7084447826676977 4 15.00637843584135 6.24 5.984021564158651 5.76
0.48 0.004 6 0.7124313592405342 5 15.00637843584135 6.24 5.984021564158651 5.76
0.48 0.004 7 0.7141160512808655 4 15.00637843584135 6.24 5.984021564158651 5.76
0.48 0.004 8 0.7269793485735855 5 15.00637843584135 6.24 5.984021564158651 5.76
0.48 0.004 9 0.7068467345056534 4 15.00637843584135 6.24 5.984021564158651 5.76
0.46 0.004 0 0.707098018651514 5 15.025257512178984 6.48 5.936342487821015 5.5200000000000005
0.46 0.004 1 0.7659349612560378 4 15.025257512178984 6.48 5.936342487821015 5.5200000000000005
0.46 0.004 2 0.7348419821583493 4 15.025257512178984 6.48 5.936342487821015 5.5200000000000005
0.46 0.004 3 0.7347069802953576 5 15.025257512178984 6.48 5.936342487821015 5.5200000000000005
0.46 0.004 4 0.7046982379977099 5 15.025257512178984 6.48 5.936342487821015 5.5200000000000005
0.46 0.004 5 0.7185498971091749 5 15.025257512178984 6.48 5.936342487821015 5.5200000000000005
0.46 0.004 6 0.726722975056911 5 15.025257512178984 6.48 5.936342487821015 5.5200000000000005
0.46 0.004 7 0.7229891954708529 4 15.025257512178984 6.48 5.936342487821015 5.5200000000000005
0.46 0.004 8 0.719818108658418 5 15.025257512178984 6.48 5.936342487821015 5.5200000000000005
0.46 0.004 9 0.7271916779115978 4 15.025257512178984 6.48 5.936342487821015 5.5200000000000005
0.5 0.004 0 0.7022195870137942 5 15.0 6.0 6.0 6.0
0.5 0.004 1 0.7176569103381826 4 15.0 6.0 6.0 6.0
0.5 0.004 2 0.7089125038846812 5 15.0 6.0 6.0 6.0
0.5 0.004 3 0.7221438670174382 5 15.0 6.0 6.0 6.0
0.5 0.004 4 0.7008941973173358 5 15.0 6.0 6.0 6.0
0.5 0.004 5 0.7273519232128461 5 15.0 6.0 6.0 6.0
0.5 0.004 6 0.7128210694609665 5 15.0 6.0 6.0 6.0
0.5 0.004 7 0.7052700924099284 4 15.0 6.0 6.0 6.0
0.5 0.004 8 0.706528192234785 5 15.0 6.0 6.0 6.0
0.5 0.004 9 0.6954886984289361 5 15.0 6.0 6.0 6.0
0.52 0.004 0 0.7242881692517511 5 15.00637843584135 6.24 5.984021564158652 5.76
0.52 0.004 1 0.7167420634204732 4 15.00637843584135 6.24 5.984021564158652 5.76
0.52 0.004 2 0.698297857640821 5 15.00637843584135 6.24 5.984021564158652 5.76
0.52 0.004 3 0.7460256518297521 5 15.00637843584135 6.24 5.984021564158652 5.76
0.52 0.004 4 0.7267187532340149 5 15.00637843584135 6.24 5.984021564158652 5.76
0.52 0.004 5 0.7301927786182866 5 15.00637843584135 6.24 5.984021564158652 5.76
0.52 0.004 6 0.7293370362654986 4 15.00637843584135 6.24 5.984021564158652 5.76
0.52 0.004 7 0.7131960205012866 5 15.00637843584135 6.24 5.984021564158652 5.76
0.52 0.004 8 0.722686297989158 5 15.00637843584135 6.24 5.984021564158652 5.76
0.52 0.004 9 0.7363982781428298 5 15.00637843584135 6.24 5.984021564158652 5.76
0.54 0.004 0 0.7223722997689578 4 15.025257512178987 6.48 5.936342487821016 5.5200000000000005
0.54 0.004 1 0.7494099566214254 4 15.025257512178987 6.48 5.936342487821016 5.5200000000000005
0.54 0.004 2 0.716968940719728 5 15.025257512178987 6.48 5.936342487821016 5.5200000000000005
0.54 0.004 3 0.7331803502736626 4 15.025257512178987 6.48 5.936342487821016 5.5200000000000005
0.54 0.004 4 0.728641022792784 4 15.025257512178987 6.48 5.936342487821016 5.5200000000000005
0.54 0.004 5 0.7285735096273764 4 15.025257512178987 6.48 5.936342487821016 5.5200000000000005
0.54 0.004 6 0.7295974020552196 5 15.025257512178987 6.48 5.936342487821016 5.5200000000000005
0.54 0.004 7 0.7435572704336642 5 15.025257512178987 6.48 5.936342487821016 5.5200000000000005
0.54 0.004 8 0.7303555512622081 4 15.025257512178987 6.48 5.936342487821016 5.5200000000000005
0.54 0.004 9 0.720607653388718 5 15.025257512178987 6.48 5.936342487821016 5.5200000000000005
0.56 0.004 0 0.7222825403532881 5 15.05588700504785 6.720000000000001 5.857712994952149 5.279999999999999
0.56 0.004 1 0.7223310308609537 5 15.05588700504785 6.720000000000001 5.857712994952149 5.279999999999999
0.56 0.004 2 0.703406183872057 5 15.05588700504785 6.720000000000001 5.857712994952149 5.279999999999999
0.56 0.004 3 0.7324698676031444 4 15.05588700504785 6.720000000000001 5.857712994952149 5.279999999999999
0.56 0.004 4 0.7030634680925193 5 15.05588700504785 6.720000000000001 5.857712994952149 5.279999999999999
0.56 0.004 5 0.7163587447992443 5 15.05588700504785 6.720000000000001 5.857712994952149 5.279999999999999
0.56 0.004 6 0.710173710793397 5 15.05588700504785 6.720000000000001 5.857712994952149 5.279999999999999
0.56 0.004 7 0.7195960389001144 5 15.05588700504785 6.720000000000001 5.857712994952149 5.279999999999999
0.56 0.004 8 0.7142972553072144 5 15.05588700504785 6.720000000000001 5.857712994952149 5.279999999999999
0.56 0.004 9 0.722176162711746 4 15.05588700504785 6.720000000000001 5.857712994952149 5.279999999999999
0.58 0.004 0 0.7339109091910526 4 15.097074760838163 6.959999999999999 5.749325239161837 5.040000000000001
0.58 0.004 1 0.7351757968249654 4 15.097074760838163 6.959999999999999 5.749325239161837 5.040000000000001
0.58 0.004 2 0.740341629940681 4 15.097074760838163 6.959999999999999 5.749325239161837 5.040000000000001
0.58 0.004 3 0.722138182708451 5 15.097074760838163 6.959999999999999 5.749325239161837 5.040000000000001
0.58 0.004 4 0.7054216538426371 4 15.097074760838163 6.959999999999999 5.749325239161837 5.040000000000001
0.58 0.004 5 0.7273673535934182 4 15.097074760838163 6.959999999999999 5.749325239161837 5.040000000000001
0.58 0.004 6 0.7109248708627862 5 15.097074760838163 6.959999999999999 5.749325239161837 5.040000000000001
0.58 0.004 7 0.727103569515967 4 15.097074760838163 6.959999999999999 5.749325239161837 5.040000000000001
0.58 0.004 8 0.7394372875649863 4 15.097074760838163 6.959999999999999 5.749325239161837 5.040000000000001
0.58 0.004 9 0.7339464106912486 5 15.097074760838163 6.959999999999999 5.749325239161837 5.040000000000001
0.6 0.004 0 0.7110275469957018 5 15.147263365915503 7.2 5.612736634084499 4.8
0.6 0.004 1 0.7087678547057074 5 15.147263365915503 7.2 5.612736634084499 4.8
0.6 0.004 2 0.7300842019357908 5 15.147263365915503 7.2 5.612736634084499 4.8
0.6 0.004 3 0.7427157432439563 4 15.147263365915503 7.2 5.612736634084499 4.8
0.6 0.004 4 0.6981064897264901 5 15.147263365915503 7.2 5.612736634084499 4.8
0.6 0.004 5 0.7104671682940665 5 15.147263365915503 7.2 5.612736634084499 4.8
0.6 0.004 6 0.708852420533001 5 15.147263365915503 7.2 5.612736634084499 4.8
0.6 0.004 7 0.7137803988751944 5 15.147263365915503 7.2 5.612736634084499 4.8
0.6 0.004 8 0.7378289470484783 4 15.147263365915503 7.2 5.612736634084499 4.8
0.6 0.004 9 0.7162117860820095 5 15.147263365915503 7.2 5.612736634084499 4.8
0.64 0.004 0 0.7066750064388218 4 15.267123748019516 7.68 5.262476251980487 4.32
0.64 0.004 1 0.7316905561196116 5 15.267123748019516 7.68 5.262476251980487 4.32
0.64 0.004 2 0.7154528861115155 5 15.267123748019516 7.68 5.262476251980487 4.32
0.64 0.004 3 0.7208193432267616 5 15.267123748019516 7.68 5.262476251980487 4.32
0.64 0.004 4 0.691292786451261 5 15.267123748019516 7.68 5.262476251980487 4.32
0.64 0.004 5 0.7123449008352982 5 15.267123748019516 7.68 5.262476251980487 4.32
0.64 0.004 6 0.7200940147738583 5 15.267123748019516 7.68 5.262476251980487 4.32
0.64 0.004 7 0.7146706416400251 5 15.267123748019516 7.68 5.262476251980487 4.32
0.64 0.004 8 0.7241762173310126 5 15.267123748019516 7.68 5.262476251980487 4.32
0.64 0.004 9 0.7182088351042336 5 15.267123748019516 7.68 5.262476251980487 4.32
0.62 0.004 0 0.7090358880091706 5 15.204619448847925 7.44 5.449780551152075 4.5600000000000005
0.62 0.004 1 0.6983044805890057 5 15.204619448847925 7.44 5.449780551152075 4.5600000000000005
0.62 0.004 2 0.73641749136238 5 15.204619448847925 7.44 5.449780551152075 4.5600000000000005
0.62 0.004 3 0.7277057596353235 5 15.204619448847925 7.44 5.449780551152075 4.5600000000000005
0.62 0.004 4 0.7361231670062488 5 15.204619448847925 7.44 5.449780551152075 4.5600000000000005
0.62 0.004 5 0.7135829417501051 5 15.204619448847925 7.44 5.449780551152075 4.5600000000000005
0.62 0.004 6 0.741204778820308 5 15.204619448847925 7.44 5.449780551152075 4.5600000000000005
0.62 0.004 7 0.7058994466473827 5 15.204619448847925 7.44 5.449780551152075 4.5600000000000005
0.62 0.004 8 0.720216905980903 5 15.204619448847925 7.44 5.449780551152075 4.5600000000000005
0.62 0.004 9 0.7245105545126639 4 15.204619448847925 7.44 5.449780551152075 4.5600000000000005
0.66 0.004 0 0.7411730399413334 5 15.332652573761235 7.92 5.052947426238763 4.08
0.66 0.004 1 0.7271234751209533 5 15.332652573761235 7.92 5.052947426238763 4.08
0.66 0.004 2 0.7352034214437707 5 15.332652573761235 7.92 5.052947426238763 4.08
0.66 0.004 3 0.753136414590827 4 15.332652573761235 7.92 5.052947426238763 4.08
0.66 0.004 4 0.7486705121890818 5 15.332652573761235 7.92 5.052947426238763 4.08
0.66 0.004 5 0.7515762147243028 5 15.332652573761235 7.92 5.052947426238763 4.08
0.66 0.004 6 0.7368255548212577 5 15.332652573761235 7.92 5.052947426238763 4.08
0.66 0.004 7 0.7603217001813727 5 15.332652573761235 7.92 5.052947426238763 4.08
0.66 0.004 8 0.7273424072958461 5 15.332652573761235 7.92 5.052947426238763 4.08
0.66 0.004 9 0.7594862635365217 4 15.332652573761235 7.92 5.052947426238763 4.08
0.7 0.004 0 0.7300299015848356 5 15.464152826657239 8.4 4.575847173342761 3.6000000000000005
0.7 0.004 1 0.7482781729061293 5 15.464152826657239 8.4 4.575847173342761 3.6000000000000005
0.7 0.004 2 0.7497128788739549 5 15.464152826657239 8.4 4.575847173342761 3.6000000000000005
0.7 0.004 3 0.7441963101291369 5 15.464152826657239 8.4 4.575847173342761 3.6000000000000005
0.7 0.004 4 0.7424021126238844 5 15.464152826657239 8.4 4.575847173342761 3.6000000000000005
0.7 0.004 5 0.731009290329315 5 15.464152826657239 8.4 4.575847173342761 3.6000000000000005
0.7 0.004 6 0.7421920113166907 5 15.464152826657239 8.4 4.575847173342761 3.6000000000000005
0.7 0.004 7 0.721543891866759 5 15.464152826657239 8.4 4.575847173342761 3.6000000000000005
0.7 0.004 8 0.7630061190160916 5 15.464152826657239 8.4 4.575847173342761 3.6000000000000005
0.7 0.004 9 0.7640080405666081 5 15.464152826657239 8.4 4.575847173342761 3.6000000000000005
0.68 0.004 0 0.7523510245334166 4 15.39904489938954 8.160000000000002 4.823355100610457 3.8399999999999994
0.68 0.004 1 0.7339216652122653 5 15.39904489938954 8.160000000000002 4.823355100610457 3.8399999999999994
0.68 0.004 2 0.730756584201101 5 15.39904489938954 8.160000000000002 4.823355100610457 3.8399999999999994
0.68 0.004 3 0.7511558335492821 4 15.39904489938954 8.160000000000002 4.823355100610457 3.8399999999999994
0.68 0.004 4 0.7157064559089528 5 15.39904489938954 8.160000000000002 4.823355100610457 3.8399999999999994
0.68 0.004 5 0.745703750605923 5 15.39904489938954 8.160000000000002 4.823355100610457 3.8399999999999994
0.68 0.004 6 0.7226019708782586 5 15.39904489938954 8.160000000000002 4.823355100610457 3.8399999999999994
0.68 0.004 7 0.7037771044660731 5 15.39904489938954 8.160000000000002 4.823355100610457 3.8399999999999994
0.68 0.004 8 0.7347504855707699 5 15.39904489938954 8.160000000000002 4.823355100610457 3.8399999999999994
0.68 0.004 9 0.7263556994635187 5 15.39904489938954 8.160000000000002 4.823355100610457 3.8399999999999994
0.72 0.004 0 0.7253451349016037 5 15.525875849378133 8.64 4.312524150621869 3.3600000000000003
0.72 0.004 1 0.7367777877246168 5 15.525875849378133 8.64 4.312524150621869 3.3600000000000003
0.72 0.004 2 0.7536557986920757 4 15.525875849378133 8.64 4.312524150621869 3.3600000000000003
0.72 0.004 3 0.742839671533898 5 15.525875849378133 8.64 4.312524150621869 3.3600000000000003
0.72 0.004 4 0.7408720775288379 5 15.525875849378133 8.64 4.312524150621869 3.3600000000000003
0.72 0.004 5 0.7510813934388724 5 15.525875849378133 8.64 4.312524150621869 3.3600000000000003
0.72 0.004 6 0.7327798251027378 5 15.525875849378133 8.64 4.312524150621869 3.3600000000000003
0.72 0.004 7 0.7440501744747576 5 15.525875849378133 8.64 4.312524150621869 3.3600000000000003
0.72 0.004 8 0.780079059125579 5 15.525875849378133 8.64 4.312524150621869 3.3600000000000003
0.72 0.004 9 0.7255019237319633 5 15.525875849378133 8.64 4.312524150621869 3.3600000000000003
0.74 0.004 0 0.7368966681505985 5 15.582180957463313 8.88 4.035419042536688 3.12
0.74 0.004 1 0.7296107782567302 5 15.582180957463313 8.88 4.035419042536688 3.12
0.74 0.004 2 0.723903045810218 5 15.582180957463313 8.88 4.035419042536688 3.12
0.74 0.004 3 0.752866485182618 5 15.582180957463313 8.88 4.035419042536688 3.12
0.74 0.004 4 0.7387152642543979 5 15.582180957463313 8.88 4.035419042536688 3.12
0.74 0.004 5 0.7365370267828388 5 15.582180957463313 8.88 4.035419042536688 3.12
0.74 0.004 6 0.7379507360842429 5 15.582180957463313 8.88 4.035419042536688 3.12
0.74 0.004 7 0.7378475110762683 5 15.582180957463313 8.88 4.035419042536688 3.12
0.74 0.004 8 0.7381302316467946 5 15.582180957463313 8.88 4.035419042536688 3.12
0.74 0.004 9 0.7372684113015536 5 15.582180957463313 8.88 4.035419042536688 3.12
0.76 0.004 0 0.7398345799367652 5 15.631111307900321 9.120000000000001 3.74648869209968 2.88
0.76 0.004 1 0.7534960743027019 4 15.631111307900321 9.120000000000001 3.74648869209968 2.88
0.76 0.004 2 0.7791168191169806 5 15.631111307900321 9.120000000000001 3.74648869209968 2.88
0.76 0.004 3 0.7489153449068257 5 15.631111307900321 9.120000000000001 3.74648869209968 2.88
0.76 0.004 4 0.7260447368835695 5 15.631111307900321 9.120000000000001 3.74648869209968 2.88
0.76 0.004 5 0.7460604428004526 5 15.631111307900321 9.120000000000001 3.74648869209968 2.88
0.76 0.004 6 0.7587409486483624 5 15.631111307900321 9.120000000000001 3.74648869209968 2.88
0.76 0.004 7 0.7570505802911169 5 15.631111307900321 9.120000000000001 3.74648869209968 2.88
0.76 0.004 8 0.7328712978528953 5 15.631111307900321 9.120000000000001 3.74648869209968 2.88
0.76 0.004 9 0.7470276475293487 5 15.631111307900321 9.120000000000001 3.74648869209968 2.88
0.8 0.004 0 0.7476246442253578 4 15.699394875304465 9.6 3.1406051246955315 2.3999999999999995
0.8 0.004 1 0.765772018417383 5 15.699394875304465 9.6 3.1406051246955315 2.3999999999999995
0.8 0.004 2 0.7456929365049335 5 15.699394875304465 9.6 3.1406051246955315 2.3999999999999995
0.8 0.004 3 0.7383788667145978 5 15.699394875304465 9.6 3.1406051246955315 2.3999999999999995
0.8 0.004 4 0.7627888358383135 4 15.699394875304465 9.6 3.1406051246955315 2.3999999999999995
0.8 0.004 5 0.7855785752884892 5 15.699394875304465 9.6 3.1406051246955315 2.3999999999999995
0.8 0.004 6 0.7666383562385229 5 15.699394875304465 9.6 3.1406051246955315 2.3999999999999995
0.8 0.004 7 0.8054489451075035 5 15.699394875304465 9.6 3.1406051246955315 2.3999999999999995
0.8 0.004 8 0.7686400134367969 5 15.699394875304465 9.6 3.1406051246955315 2.3999999999999995
0.8 0.004 9 0.7595021008459435 5 15.699394875304465 9.6 3.1406051246955315 2.3999999999999995
0.78 0.004 0 0.7503445121623721 5 15.670786216359875 9.36 3.447613783640125 2.6399999999999997
0.78 0.004 1 0.7762267358463922 5 15.670786216359875 9.36 3.447613783640125 2.6399999999999997
0.78 0.004 2 0.7599440539603287 5 15.670786216359875 9.36 3.447613783640125 2.6399999999999997
0.78 0.004 3 0.7472935420517145 5 15.670786216359875 9.36 3.447613783640125 2.6399999999999997
0.78 0.004 4 0.7788934684449885 4 15.670786216359875 9.36 3.447613783640125 2.6399999999999997
0.78 0.004 5 0.7688362502881967 5 15.670786216359875 9.36 3.447613783640125 2.6399999999999997
0.78 0.004 6 0.7749608028834402 5 15.670786216359875 9.36 3.447613783640125 2.6399999999999997
0.78 0.004 7 0.7888101348473802 5 15.670786216359875 9.36 3.447613783640125 2.6399999999999997
0.78 0.004 8 0.7825615607014275 5 15.670786216359875 9.36 3.447613783640125 2.6399999999999997
0.78 0.004 9 0.7872451683039039 5 15.670786216359875 9.36 3.447613783640125 2.6399999999999997
0.82 0.004 0 0.7878314592016821 5 15.71518569830815 9.84 2.827214301691849 2.1600000000000006
0.82 0.004 1 0.7890343630081874 5 15.71518569830815 9.84 2.827214301691849 2.1600000000000006
0.82 0.004 2 0.7998487723914826 5 15.71518569830815 9.84 2.827214301691849 2.1600000000000006
0.82 0.004 3 0.7820874638359641 5 15.71518569830815 9.84 2.827214301691849 2.1600000000000006
0.82 0.004 4 0.7927837627505426 4 15.71518569830815 9.84 2.827214301691849 2.1600000000000006
0.82 0.004 5 0.8331789088456245 3 15.71518569830815 9.84 2.827214301691849 2.1600000000000006
0.82 0.004 6 0.7833891539403319 5 15.71518569830815 9.84 2.827214301691849 2.1600000000000006
0.82 0.004 7 0.8097156921753145 5 15.71518569830815 9.84 2.827214301691849 2.1600000000000006
0.82 0.004 8 0.8188998058151971 4 15.71518569830815 9.84 2.827214301691849 2.1600000000000006
0.82 0.004 9 0.7992881445718648 5 15.71518569830815 9.84 2.827214301691849 2.1600000000000006
0.84 0.004 0 0.8134136219921461 5 15.716452661974282 10.08 2.5091473380257203 1.9200000000000006
0.84 0.004 1 0.8090352910045663 5 15.716452661974282 10.08 2.5091473380257203 1.9200000000000006
0.84 0.004 2 0.8057944963692802 5 15.716452661974282 10.08 2.5091473380257203 1.9200000000000006
0.84 0.004 3 0.8097957801940471 5 15.716452661974282 10.08 2.5091473380257203 1.9200000000000006
0.84 0.004 4 0.7197555659496854 5 15.716452661974282 10.08 2.5091473380257203 1.9200000000000006
0.84 0.004 5 0.8024432746400009 5 15.716452661974282 10.08 2.5091473380257203 1.9200000000000006
0.84 0.004 6 0.8007187020116335 5 15.716452661974282 10.08 2.5091473380257203 1.9200000000000006
0.84 0.004 7 0.7812534804807897 5 15.716452661974282 10.08 2.5091473380257203 1.9200000000000006
0.84 0.004 8 0.7931157535024789 5 15.716452661974282 10.08 2.5091473380257203 1.9200000000000006
0.84 0.004 9 0.8328555616458732 3 15.716452661974282 10.08 2.5091473380257203 1.9200000000000006
0.86 0.004 0 0.8295557711038146 4 15.701519535395859 10.32 2.188080464604143 1.6800000000000002
0.86 0.004 1 0.8501133293341331 4 15.701519535395859 10.32 2.188080464604143 1.6800000000000002
0.86 0.004 2 0.8682498134682229 3 15.701519535395859 10.32 2.188080464604143 1.6800000000000002
0.86 0.004 3 0.7632250232604622 5 15.701519535395859 10.32 2.188080464604143 1.6800000000000002
0.86 0.004 4 0.7124977942524212 5 15.701519535395859 10.32 2.188080464604143 1.6800000000000002
0.86 0.004 5 0.7921140378106143 5 15.701519535395859 10.32 2.188080464604143 1.6800000000000002
0.86 0.004 6 0.7948611455240465 5 15.701519535395859 10.32 2.188080464604143 1.6800000000000002
0.86 0.004 7 0.8578476574240522 3 15.701519535395859 10.32 2.188080464604143 1.6800000000000002
0.86 0.004 8 0.8339289397285391 5 15.701519535395859 10.32 2.188080464604143 1.6800000000000002
0.86 0.004 9 0.7926358199106543 5 15.701519535395859 10.32 2.188080464604143 1.6800000000000002
0.92 0.004 0 0.907964771559247 3 15.54282801268334 11.040000000000001 1.2235719873166573 0.9599999999999995
0.92 0.004 1 0.9003649205176248 3 15.54282801268334 11.040000000000001 1.2235719873166573 0.9599999999999995
0.92 0.004 2 0.8715953916132807 4 15.54282801268334 11.040000000000001 1.2235719873166573 0.9599999999999995
0.92 0.004 3 0.6873168956900284 5 15.54282801268334 11.040000000000001 1.2235719873166573 0.9599999999999995
0.92 0.004 4 0.8800441056156553 4 15.54282801268334 11.040000000000001 1.2235719873166573 0.9599999999999995
0.92 0.004 5 0.8777905297649065 4 15.54282801268334 11.040000000000001 1.2235719873166573 0.9599999999999995
0.92 0.004 6 0.8840150983714422 4 15.54282801268334 11.040000000000001 1.2235719873166573 0.9599999999999995
0.92 0.004 7 0.6868123910126259 5 15.54282801268334 11.040000000000001 1.2235719873166573 0.9599999999999995
0.92 0.004 8 0.8866733193975105 4 15.54282801268334 11.040000000000001 1.2235719873166573 0.9599999999999995
0.92 0.004 9 0.6682610599824245 5 15.54282801268334 11.040000000000001 1.2235719873166573 0.9599999999999995
0.9 0.004 0 0.7453367252746579 5 15.61639112045372 10.8 1.5436088795462766 1.1999999999999997
0.9 0.004 1 0.8624396303216932 4 15.61639112045372 10.8 1.5436088795462766 1.1999999999999997
0.9 0.004 2 0.7757853247286176 5 15.61639112045372 10.8 1.5436088795462766 1.1999999999999997
0.9 0.004 3 0.8565348632086833 4 15.61639112045372 10.8 1.5436088795462766 1.1999999999999997
0.9 0.004 4 0.8784115005399576 4 15.61639112045372 10.8 1.5436088795462766 1.1999999999999997
0.9 0.004 5 0.6902413689165648 5 15.61639112045372 10.8 1.5436088795462766 1.1999999999999997
0.9 0.004 6 0.8932972516244573 3 15.61639112045372 10.8 1.5436088795462766 1.1999999999999997
0.9 0.004 7 0.890145337157137 3 15.61639112045372 10.8 1.5436088795462766 1.1999999999999997
0.9 0.004 8 0.7389996045931799 5 15.61639112045372 10.8 1.5436088795462766 1.1999999999999997
0.9 0.004 9 0.8542330457177971 4 15.61639112045372 10.8 1.5436088795462766 1.1999999999999997
0.94 0.004 0 0.9216261257940078 3 15.446285902042867 11.28 0.9073140979571318 0.7200000000000008
0.94 0.004 1 0.6832304355532758 5 15.446285902042867 11.28 0.9073140979571318 0.7200000000000008
0.94 0.004 2 0.9353810529436503 4 15.446285902042867 11.28 0.9073140979571318 0.7200000000000008
0.94 0.004 3 0.9201750502846966 4 15.446285902042867 11.28 0.9073140979571318 0.7200000000000008
0.94 0.004 4 0.9039249505282053 4 15.446285902042867 11.28 0.9073140979571318 0.7200000000000008
0.94 0.004 5 0.6939733118544148 5 15.446285902042867 11.28 0.9073140979571318 0.7200000000000008
0.94 0.004 6 0.6756659050050781 5 15.446285902042867 11.28 0.9073140979571318 0.7200000000000008
0.94 0.004 7 0.9310644756842453 4 15.446285902042867 11.28 0.9073140979571318 0.7200000000000008
0.94 0.004 8 0.9252914906469416 4 15.446285902042867 11.28 0.9073140979571318 0.7200000000000008
0.94 0.004 9 0.9349102108058785 4 15.446285902042867 11.28 0.9073140979571318 0.7200000000000008
0.88 0.004 0 0.8251467100041102 4 15.6687224755122 10.56 1.8656775244878048 1.44
0.88 0.004 1 0.7471605013443066 5 15.6687224755122 10.56 1.8656775244878048 1.44
0.88 0.004 2 0.8316335659929763 4 15.6687224755122 10.56 1.8656775244878048 1.44
0.88 0.004 3 0.8698896006329346 4 15.6687224755122 10.56 1.8656775244878048 1.44
0.88 0.004 4 0.761798569530134 5 15.6687224755122 10.56 1.8656775244878048 1.44
0.88 0.004 5 0.7147016550962795 5 15.6687224755122 10.56 1.8656775244878048 1.44
0.88 0.004 6 0.7662913038009765 5 15.6687224755122 10.56 1.8656775244878048 1.44
0.88 0.004 7 0.7555831506290247 5 15.6687224755122 10.56 1.8656775244878048 1.44
0.88 0.004 8 0.7960867765395806 5 15.6687224755122 10.56 1.8656775244878048 1.44
0.88 0.004 9 0.8532606923535394 5 15.6687224755122 10.56 1.8656775244878048 1.44
0.96 0.004 0 0.9038217981064027 4 15.32494218222326 11.52 0.5966578177767379 0.4800000000000005
0.96 0.004 1 0.9346969056114394 4 15.32494218222326 11.52 0.5966578177767379 0.4800000000000005
0.96 0.004 2 0.6826730808817861 5 15.32494218222326 11.52 0.5966578177767379 0.4800000000000005
0.96 0.004 3 0.9366789691842532 4 15.32494218222326 11.52 0.5966578177767379 0.4800000000000005
0.96 0.004 4 0.6818179330647233 5 15.32494218222326 11.52 0.5966578177767379 0.4800000000000005
0.96 0.004 5 0.9270496348723319 4 15.32494218222326 11.52 0.5966578177767379 0.4800000000000005
0.96 0.004 6 0.9289890526242949 4 15.32494218222326 11.52 0.5966578177767379 0.4800000000000005
0.96 0.004 7 0.9497743658197243 3 15.32494218222326 11.52 0.5966578177767379 0.4800000000000005
0.96 0.004 8 0.917269893640939 4 15.32494218222326 11.52 0.5966578177767379 0.4800000000000005
0.96 0.004 9 0.6815531410087665 5 15.32494218222326 11.52 0.5966578177767379 0.4800000000000005
1.0 0.004 0 0.6887987753332033 4 15.0 12.0
1.0 0.004 1 0.9914930263078277 3 15.0 12.0
1.0 0.004 2 0.9960017046389872 2 15.0 12.0
1.0 0.004 3 1.0 2 15.0 12.0
1.0 0.004 4 0.6618851341811068 5 15.0 12.0
1.0 0.004 5 0.9978341658283101 3 15.0 12.0
1.0 0.004 6 0.9956684119896018 2 15.0 12.0
1.0 0.004 7 0.9840318621260463 3 15.0 12.0
1.0 0.004 8 0.9967542824401028 3 15.0 12.0
1.0 0.004 9 0.9918521350999178 3 15.0 12.0
0.98 0.004 0 0.9542268621971184 3 15.176869361104405 11.76 0.2935306388955968 0.24000000000000024
0.98 0.004 1 0.891599607888246 4 15.176869361104405 11.76 0.2935306388955968 0.24000000000000024
0.98 0.004 2 0.9626607946705461 3 15.176869361104405 11.76 0.2935306388955968 0.24000000000000024
0.98 0.004 3 0.829806664143591 4 15.176869361104405 11.76 0.2935306388955968 0.24000000000000024
0.98 0.004 4 0.9708133884506709 3 15.176869361104405 11.76 0.2935306388955968 0.24000000000000024
0.98 0.004 5 0.6701690732606932 5 15.176869361104405 11.76 0.2935306388955968 0.24000000000000024
0.98 0.004 6 0.913002166199747 4 15.176869361104405 11.76 0.2935306388955968 0.24000000000000024
0.98 0.004 7 0.9580860748357785 3 15.176869361104405 11.76 0.2935306388955968 0.24000000000000024
0.98 0.004 8 0.9623300689993266 3 15.176869361104405 11.76 0.2935306388955968 0.24000000000000024
0.98 0.004 9 0.800657879016022 4 15.176869361104405 11.76 0.2935306388955968 0.24000000000000024
