0.0 -0.33 0 1.0 1.0
0.0 -0.33 1 1.0 1.0
0.0 -0.33 2 1.0 1.0
0.0 -0.33 3 1.0 1.0
0.0 -0.33 4 1.0 1.0
0.0 -0.33 5 1.0 1.0
0.0 -0.33 6 1.0 1.0
0.0 -0.33 7 1.0 1.0
0.0 -0.33 8 1.0 1.0
0.0 -0.33 9 1.0 1.0
0.0 -0.31 0 1.0 1.0
0.0 -0.31 1 1.0 1.0
0.0 -0.31 2 1.0 1.0
0.0 -0.31 3 1.0 1.0
0.0 -0.31 4 1.0 1.0
0.0 -0.31 5 1.0 1.0
0.0 -0.31 6 1.0 1.0
0.0 -0.31 7 1.0 1.0
0.0 -0.31 8 1.0 1.0
0.0 -0.31 9 1.0 1.0
0.0 -0.29 0 1.0 1.0
0.0 -0.29 1 1.0 1.0
0.0 -0.29 2 1.0 1.0
0.0 -0.29 3 1.0 1.0
0.0 -0.29 4 1.0 1.0
0.0 -0.29 5 1.0 1.0
0.0 -0.29 6 1.0 1.0
0.0 -0.29 7 1.0 1.0
0.0 -0.29 8 1.0 1.0
0.0 -0.29 9 1.0 1.0
0.0 -0.27 0 1.0 1.0
0.0 -0.27 1 1.0 1.0
0.0 -0.27 2 1.0 1.0
0.0 -0.27 3 1.0 1.0
0.0 -0.27 4 1.0 1.0
0.0 -0.27 5 1.0 1.0
0.0 -0.27 6 1.0 1.0
0.0 -0.27 7 1.0 1.0
0.0 -0.27 8 1.0 1.0
0.0 -0.27 9 1.0 1.0
0.0 -0.25 0 1.0 1.0
0.0 -0.25 1 1.0 1.0
0.0 -0.25 2 1.0 1.0
0.0 -0.25 3 1.0 1.0
0.0 -0.25 4 1.0 1.0
0.0 -0.25 5 1.0 1.0
0.0 -0.25 6 1.0 1.0
0.0 -0.25 7 1.0 1.0
0.0 -0.25 8 1.0 1.0
0.0 -0.25 9 1.0 1.0
0.0 -0.23 0 1.0 1.0
0.0 -0.23 1 1.0 1.0
0.0 -0.23 2 1.0 1.0
0.0 -0.23 3 1.0 1.0
0.0 -0.23 4 1.0 1.0
0.0 -0.23 5 1.0 1.0
0.0 -0.23 6 1.0 1.0
0.0 -0.23 7 1.0 1.0
0.0 -0.23 8 1.0 1.0
0.0 -0.23 9 1.0 1.0
0.0 -0.21 0 1.0 1.0
0.0 -0.21 1 1.0 1.0
0.0 -0.21 2 1.0 1.0
0.0 -0.21 3 1.0 1.0
0.0 -0.21 4 1.0 1.0
0.0 -0.21 5 1.0 1.0
0.0 -0.21 6 1.0 1.0
0.0 -0.21 7 1.0 1.0
0.0 -0.21 8 1.0 1.0
0.0 -0.21 9 1.0 1.0
0.0 -0.19 0 0.7425054129230036 1.0
0.0 -0.19 1 0.5046945903997679 1.0
0.0 -0.19 2 0.7253041130318154 1.0
0.0 -0.19 3 0.5336142276582657 1.0
0.0 -0.19 4 0.5287444485944197 1.0
0.0 -0.19 5 0.4724870473220405 0.9828881935896341
0.0 -0.19 6 0.7773896807744217 1.0
0.0 -0.19 7 0.8916008254354477 1.0
0.0 -0.19 8 0.5150911137917144 1.0
0.0 -0.19 9 0.7572539548955198 1.0
0.0 -0.17 0 0.0 0.9828881935896343
0.0 -0.17 1 0.0 0.9828881935896343
0.0 -0.17 2 0.0 1.0
0.0 -0.17 3 0.0 1.0
0.0 -0.17 4 0.0 1.0
0.0 -0.17 5 0.0 1.0
0.0 -0.17 6 0.0 1.0
0.0 -0.17 7 0.0 0.9828881935896343
0.0 -0.17 8 0.0 1.0
0.0 -0.17 9 0.0 0.9657602332828117
0.0 -0.15 0 0.0 1.0
0.0 -0.15 1 0.0 0.9700074953683859
0.0 -0.15 2 0.0 1.0
0.0 -0.15 3 0.0 0.9828881935896341
0.0 -0.15 4 0.0 0.9657916517849214
0.0 -0.15 5 0.0 1.0
0.0 -0.15 6 0.0 0.9529259961774824
0.0 -0.15 7 0.0 0.965790756020753
0.0 -0.15 8 0.0 0.9828881935896341
0.0 -0.15 9 0.0 1.0
0.0 -0.13 0 0.0 0.5945636650207512
0.0 -0.13 1 0.0 0.8606781433230491
0.0 -0.13 2 0.0 0.6215936026252176
0.0 -0.13 3 0.0 0.5821176505790168
0.0 -0.13 4 0.0 0.5392579844265181
0.0 -0.13 5 0.0 0.6372171449018709
0.0 -0.13 6 0.0 0.6037003487168535
0.0 -0.13 7 0.0 0.5540374862632513
0.0 -0.13 8 0.0 0.5502069275747945
0.0 -0.13 9 0.0 0.0
0.0 -0.11 0 0.0 0.0
0.0 -0.11 1 0.0 0.0
0.0 -0.11 2 0.0 0.0
0.0 -0.11 3 0.0 0.0
0.0 -0.11 4 0.0 0.0
0.0 -0.11 5 0.0 0.0
0.0 -0.11 6 0.0 0.0
0.0 -0.11 7 0.0 0.0
0.0 -0.11 8 0.0 0.0
0.0 -0.11 9 0.0 0.0
0.0 -0.09 0 0.0 0.0
0.0 -0.09 1 0.0 0.0
0.0 -0.09 2 0.0 0.0
0.0 -0.09 3 0.0 0.0
0.0 -0.09 4 0.0 0.0
0.0 -0.09 5 0.0 0.0
0.0 -0.09 6 0.0 0.0
0.0 -0.09 7 0.0 0.0
0.0 -0.09 8 0.0 0.0
0.0 -0.09 9 0.0 0.0
0.0 -0.07 0 0.0 0.0
0.0 -0.07 1 0.0 0.0
0.0 -0.07 2 0.0 0.0
0.0 -0.07 3 0.0 0.0
0.0 -0.07 4 0.0 0.0
0.0 -0.07 5 0.0 0.0
0.0 -0.07 6 0.0 0.0
0.0 -0.07 7 0.0 0.0
0.0 -0.07 8 0.0 0.0
0.0 -0.07 9 0.0 0.0
0.0 -0.05 0 0.0 0.0
0.0 -0.05 1 0.0 0.0
0.0 -0.05 2 0.0 0.0
0.0 -0.05 3 0.0 0.0
0.0 -0.05 4 0.0 0.0
0.0 -0.05 5 0.0 0.0
0.0 -0.05 6 0.0 0.0
0.0 -0.05 7 0.0 0.0
0.0 -0.05 8 0.0 0.0
0.0 -0.05 9 0.0 0.0
0.0 -0.03 0 0.0 0.0
0.0 -0.03 1 0.0 0.0
0.0 -0.03 2 0.0 0.0
0.0 -0.03 3 0.0 0.0
0.0 -0.03 4 0.0 0.0
0.0 -0.03 5 0.0 0.0
0.0 -0.03 6 0.0 0.0
0.0 -0.03 7 0.0 0.0
0.0 -0.03 8 0.0 0.0
0.0 -0.03 9 0.0 0.0
0.0 -0.01 0 0.0 0.0
0.0 -0.01 1 0.0 0.0
0.0 -0.01 2 0.0 0.0
0.0 -0.01 3 0.0 0.0
0.0 -0.01 4 0.0 0.0
0.0 -0.01 5 0.0 0.0
0.0 -0.01 6 0.0 0.0
0.0 -0.01 7 0.0 0.0
0.0 -0.01 8 0.0 0.0
0.0 -0.01 9 0.0 0.0
0.0 0.01 0 0.0 0.0
0.0 0.01 1 0.0 0.0
0.0 0.01 2 0.0 0.0
0.0 0.01 3 0.0 0.0
0.0 0.01 4 0.0 0.0
0.0 0.01 5 0.0 0.0
0.0 0.01 6 0.0 0.0
0.0 0.01 7 0.0 0.0
0.0 0.01 8 0.0 0.0
0.0 0.01 9 0.0 0.0
0.0 0.03 0 0.0 0.0
0.0 0.03 1 0.0 0.0
0.0 0.03 2 0.0 0.0
0.0 0.03 3 0.0 0.0
0.0 0.03 4 0.0 0.0
0.0 0.03 5 0.0 0.0
0.0 0.03 6 0.0 0.0
0.0 0.03 7 0.0 0.0
0.0 0.03 8 0.0 0.0
0.0 0.03 9 0.0 0.0
0.0 0.05 0 0.0 0.0
0.0 0.05 1 0.0 0.0
0.0 0.05 2 0.0 0.0
0.0 0.05 3 0.0 0.0
0.0 0.05 4 0.0 0.0
0.0 0.05 5 0.0 0.0
0.0 0.05 6 0.0 0.0
0.0 0.05 7 0.0 0.0
0.0 0.05 8 0.0 0.0
0.0 0.05 9 0.0 0.0
0.0 0.07 0 0.0 0.0
0.0 0.07 1 0.0 0.0
0.0 0.07 2 0.0 0.0
0.0 0.07 3 0.0 0.0
0.0 0.07 4 0.0 0.0
0.0 0.07 5 0.0 0.0
0.0 0.07 6 0.0 0.0
0.0 0.07 7 0.0 0.0
0.0 0.07 8 0.0 0.0
0.0 0.07 9 0.0 0.0
0.0 0.09 0 0.0 0.0
0.0 0.09 1 0.0 0.0
0.0 0.09 2 0.0 0.0
0.0 0.09 3 0.0 0.0
0.0 0.09 4 0.0 0.0
0.0 0.09 5 0.0 0.0
0.0 0.09 6 0.0 0.0
0.0 0.09 7 0.0 0.0
0.0 0.09 8 0.0 0.0
0.0 0.09 9 0.0 0.0
0.0 0.11 0 0.0 0.0
0.0 0.11 1 0.0 0.0
0.0 0.11 2 0.0 0.0
0.0 0.11 3 0.0 0.0
0.0 0.11 4 0.0 0.0
0.0 0.11 5 0.0 0.0
0.0 0.11 6 0.0 0.0
0.0 0.11 7 0.0 0.0
0.0 0.11 8 0.0 0.0
0.0 0.11 9 0.0 0.0
0.0 0.13 0 0.0 0.0
0.0 0.13 1 0.0 0.0
0.0 0.13 2 0.0 0.0
0.0 0.13 3 0.0 0.0
0.0 0.13 4 0.0 0.0
0.0 0.13 5 0.0 0.0
0.0 0.13 6 0.0 0.0
0.0 0.13 7 0.0 0.0
0.0 0.13 8 0.0 0.0
0.0 0.13 9 0.0 0.0
0.0 0.15 0 0.0 0.0
0.0 0.15 1 0.0 0.0
0.0 0.15 2 0.0 0.0
0.0 0.15 3 0.0 0.0
0.0 0.15 4 0.0 0.6625717336993555
0.0 0.15 5 0.0 0.0
0.0 0.15 6 0.0 0.0
0.0 0.15 7 0.0 0.0
0.0 0.15 8 0.0 0.0
0.0 0.15 9 0.0 0.0
0.0 0.17 0 0.0 0.6169482861640051
0.0 0.17 1 0.0 0.6465304158027246
0.0 0.17 2 0.0 0.9828881935896343
0.0 0.17 3 0.0 0.5619503311700194
0.0 0.17 4 0.0 0.6551941361292055
0.0 0.17 5 0.0 0.588153554082037
0.0 0.17 6 0.0 0.7127468978293172
0.0 0.17 7 0.0 0.6308440243915342
0.0 0.17 8 0.0 0.9700074953683859
0.0 0.17 9 0.0 1.0
0.0 0.19 0 0.0 1.0
0.0 0.19 1 0.0 1.0
0.0 0.19 2 0.0 1.0
0.0 0.19 3 0.0 1.0
0.0 0.19 4 0.0 1.0
0.0 0.19 5 0.0 1.0
0.0 0.19 6 0.0 1.0
0.0 0.19 7 0.0 1.0
0.0 0.19 8 0.0 1.0
0.0 0.19 9 0.0 1.0
0.0 0.21 0 0.0 1.0
0.0 0.21 1 0.0 1.0
0.0 0.21 2 0.0 1.0
0.0 0.21 3 0.0 1.0
0.0 0.21 4 0.3657714133433547 1.0
0.0 0.21 5 0.0 1.0
0.0 0.21 6 0.0 1.0
0.0 0.21 7 0.0 1.0
0.0 0.21 8 0.0 1.0
0.0 0.21 9 0.0 1.0
0.0 0.23 0 0.8112755140590088 1.0
0.0 0.23 1 0.8959949808251387 1.0
0.0 0.23 2 0.8350070440683753 1.0
0.0 0.23 3 0.7002340561627014 1.0
0.0 0.23 4 0.8447176815650851 1.0
0.0 0.23 5 0.9251248525504351 1.0
0.0 0.23 6 0.7962088230463381 1.0
0.0 0.23 7 0.9160137931346551 1.0
0.0 0.23 8 0.7924630706396619 1.0
0.0 0.23 9 0.8375028463850203 1.0
0.0 0.25 0 1.0 1.0
0.0 0.25 1 1.0 1.0
0.0 0.25 2 1.0 1.0
0.0 0.25 3 1.0 1.0
0.0 0.25 4 1.0 1.0
0.0 0.25 5 1.0 1.0
0.0 0.25 6 1.0 1.0
0.0 0.25 7 1.0 1.0
0.0 0.25 8 1.0 1.0
0.0 0.25 9 1.0 1.0
0.0 0.27 0 1.0 1.0
0.0 0.27 1 1.0 1.0
0.0 0.27 2 1.0 1.0
0.0 0.27 3 1.0 1.0
0.0 0.27 4 1.0 1.0
0.0 0.27 5 1.0 1.0
0.0 0.27 6 1.0 1.0
0.0 0.27 7 1.0 1.0
0.0 0.27 8 1.0 1.0
0.0 0.27 9 1.0 1.0
0.0 0.29 0 1.0 1.0
0.0 0.29 1 1.0 1.0
0.0 0.29 2 1.0 1.0
0.0 0.29 3 1.0 1.0
0.0 0.29 4 1.0 1.0
0.0 0.29 5 1.0 1.0
0.0 0.29 6 1.0 1.0
0.0 0.29 7 1.0 1.0
0.0 0.29 8 1.0 1.0
0.0 0.29 9 1.0 1.0
0.0 0.31 0 1.0 1.0
0.0 0.31 1 1.0 1.0
0.0 0.31 2 1.0 1.0
0.0 0.31 3 1.0 1.0
0.0 0.31 4 1.0 1.0
0.0 0.31 5 1.0 1.0
0.0 0.31 6 1.0 1.0
0.0 0.31 7 1.0 1.0
0.0 0.31 8 1.0 1.0
0.0 0.31 9 1.0 1.0
0.0 0.33 0 1.0 1.0
0.0 0.33 1 1.0 1.0
0.0 0.33 2 1.0 1.0
0.0 0.33 3 1.0 1.0
0.0 0.33 4 1.0 1.0
0.0 0.33 5 1.0 1.0
0.0 0.33 6 1.0 1.0
0.0 0.33 7 1.0 1.0
0.0 0.33 8 1.0 1.0
0.0 0.33 9 1.0 1.0
0.0 0.35 0 1.0 1.0
0.0 0.35 1 1.0 1.0
0.0 0.35 2 1.0 1.0
0.0 0.35 3 1.0 1.0
0.0 0.35 4 1.0 1.0
0.0 0.35 5 1.0 1.0
0.0 0.35 6 1.0 1.0
0.0 0.35 7 1.0 1.0
0.0 0.35 8 1.0 1.0
0.0 0.35 9 1.0 1.0
0.0 0.37 0 1.0 1.0
0.0 0.37 1 1.0 1.0
0.0 0.37 2 1.0 1.0
0.0 0.37 3 1.0 1.0
0.0 0.37 4 1.0 1.0
0.0 0.37 5 1.0 1.0
0.0 0.37 6 1.0 1.0
0.0 0.37 7 1.0 1.0
0.0 0.37 8 1.0 1.0
0.0 0.37 9 1.0 1.0
0.0 0.39 0 1.0 1.0
0.0 0.39 1 1.0 1.0
0.0 0.39 2 1.0 1.0
0.0 0.39 3 1.0 1.0
0.0 0.39 4 1.0 1.0
0.0 0.39 5 1.0 1.0
0.0 0.39 6 1.0 1.0
0.0 0.39 7 1.0 1.0
0.0 0.39 8 1.0 1.0
0.0 0.39 9 1.0 1.0
