0.5 0.00118 0 0.0002348258431410228 2 16.000000000000004 2.95 2.95 2.95
0.5 0.00099 0 0.0006663795460465522 2 15.999999999999998 2.475 2.475 2.475
0.5 0.00136 0 0.0009176996796547859 3 15.999999999999998 3.4 3.399999999999999 3.4
0.5 0.00154 0 0.005853978728874218 2 16.000000000000004 3.8499999999999996 3.8500000000000005 3.8499999999999996
0.5 0.00228 0 0.6032923415251701 6 16.0 5.7 5.7 5.7
0.5 0.00265 0 0.7849479133514073 4 16.0 6.625 6.625000000000001 6.625
0.5 0.00246 0 0.7164247973162737 4 16.0 6.1499999999999995 6.149999999999999 6.1499999999999995
0.5 0.00302 0 0.8738918758164272 5 16.000000000000004 7.550000000000001 7.550000000000002 7.550000000000001
0.5 0.0032 0 0.9085585164998999 5 16.0 8.0 8.000000000000002 8.0
0.5 0.0021 0 0.5164883369058362 5 16.0 5.25 5.250000000000001 5.25
0.5 0.00283 0 0.8389803406015329 4 16.0 7.075 7.075 7.075
0.5 0.00191 0 0.36763777247110213 4 15.999999999999998 4.775 4.7749999999999995 4.775
0.5 0.00173 0 0.190551582001815 4 16.0 4.324999999999999 4.324999999999999 4.324999999999999
