10.0 -0.00446 0 0.7076401088096221 6 -7.366809608487724e-05 4854 0.20885148523249977 292  0.010000000000000002 0.004460000000000001 0.00446
10.0 -0.00393 0 0.5552583418090237 6 0.018525123378453634 4857 0.1935906939975405 295  0.01 0.00393 0.0039299999999999995
10.0 -0.00339 0 0.474089549962276 4 0.003396345695890999 5146 0.18918127661023118 294  0.01 0.00339 0.003389999999999998
10.0 -0.00232 0 0.5577374884123603 2 0.015444305543849634 4855 0.17486031806341581 293  0.009999999999999997 0.00232 0.002319999999999998
10.0 -0.00286 0 0.5577374884123603 2 0.033788540641026904 4855 0.17759113720460362 294  0.009999999999999998 0.00286 0.002859999999999999
10.0 -0.005 0 0.8217425757223068 6 0.016654565932707435 5147 0.22693327327328924 294  0.009999999999999997 0.005 0.004999999999999999
10.0 -0.00125 0 0.5566763955743608 2 0.008135220755483006 4857 0.16515412093402673 296  0.010000000000000002 0.0012499999999999998 0.0012499999999999998
10.0 -0.00179 0 0.5577374884123603 2 0.01863531566078789 5148 0.16846096885520337 295  0.01 0.00179 0.001789999999999999
10.0 -0.00071 0 0.5577374884123603 2 0.016111366549208916 4854 0.16603868391201043 295  0.01 0.0007100000000000001 0.0007099999999999997
10.0 -0.00018 0 0.5577374884123603 2 0.031699486665128396 4856 0.16358695805482976 295  0.010000000000000002 0.0001800000000000003 0.00018000000000000004
10.0 0.00036 0 0.43618480923976316 4 0.023653462447794472 4851 0.16974874185917072 295  0.010000000000000002 0.00036 0.00035999999999999953
10.0 0.00089 0 0.5577374884123603 2 0.02055352275517387 4851 0.16836882639183856 295  0.01 0.0008900000000000002 0.0008900000000000001
10.0 0.00143 0 0.5577374884123603 2 0.03260027193169223 4855 0.1697864042503207 297  0.010000000000000002 0.0014299999999999998 0.0014299999999999994
10.0 0.0025 0 0.5577374884123603 2 0.006981347209255747 4860 0.16879330934372833 296  0.010000000000000002 0.0024999999999999996 0.0024999999999999983
10.0 0.00196 0 0.5577374884123603 2 0.013871783684288626 5153 0.17300971430527484 293  0.01 0.001960000000000001 0.00196
10.0 0.00304 0 0.5577374884123603 2 3.059112307056066e-05 4851 0.17843402278753517 294  0.01 0.0030399999999999993 0.0030399999999999993
10.0 0.00357 0 0.4602566874560682 6 0.027202339550767427 4856 0.18565189694512002 294  0.010000000000000002 0.0035700000000000016 0.0035700000000000003
10.0 0.00411 0 0.5922534749977754 6 0.013413878053293936 4854 0.19754375701823998 295  0.01 0.004110000000000001 0.00411
10.0 0.00464 0 0.6943387626397739 6 0.004073176530242998 5148 0.20638740155625807 295  0.010000000000000002 0.004640000000000001 0.00464
10.0 0.00518 0 0.7754383414556772 6 0.026394521301091378 4850 0.21872643247260903 292  0.01 0.005180000000000001 0.005179999999999999
10.0 0.00571 0 0.8486464225417155 6 0.022801253278776513 5143 0.23461410142454003 289  0.010000000000000002 0.005710000000000001 0.005710000000000001
10.0 0.00625 0 0.9006378784709186 6 0.012466118962008246 5142 0.24353118356331074 285  0.01 0.0062499999999999995 0.0062499999999999995
10.0 0.00679 0 0.938515422300746 6 0.009190037707050056 5140 0.27201587051069837 286  0.01 0.006789999999999999 0.006789999999999999
10.0 0.00732 0 0.9686820950401731 6 0.02879597326121959 5135 0.30715412617102106 281  0.009999999999999998 0.00732 0.007319999999999998
10.0 0.00786 0 0.9812649311458747 6 0.033814867787142565 5128 0.3343288368947493 279  0.01 0.007860000000000002 0.00786
10.0 0.00839 0 0.9889262369918425 6 0.022936324320484557 5122 0.3692287049775359 275  0.01 0.008389999999999998 0.008389999999999998
10.0 0.00893 0 0.9992635755051694 6 0.03131426744082218 5118 0.40298481930545793 269  0.01 0.008930000000000002 0.008929999999999999
10.0 0.01 0 1.0 6 0.06635469855055423 5099 0.46761371811750546 247  0.01 0.01 0.01
10.0 0.00946 0 0.997183495719127 6 0.042442536861836036 5105 0.4330800000272735 261  0.009999999999999998 0.00946 0.00946
11.0 -0.005 0 0.7776405453884152 6 0.0034770636968032586 5133 0.21792650412829606 290  0.011 0.004999999999999999 0.004999999999999999
11.0 -0.00446 0 0.6377856895238055 6 0.007554321467888265 5141 0.20279257980019214 291  0.010999999999999998 0.00446 0.004459999999999999
11.0 -0.00339 0 0.4452097190097236 4 0.021010843772196336 5143 0.18387632651081243 292  0.010999999999999998 0.00339 0.0033899999999999985
11.0 -0.00393 0 0.5364348114209819 6 0.016857713563698435 5140 0.19548239501486733 289  0.011 0.00393 0.00393
