10.0 -0.005 0 0.8327640991794184 6 0.8002710860477167 6 0.38241974991209443 6  0.009999999999999997 0.005 0.004999999999999999
10.0 -0.00446 0 0.6953637458476285 6 0.6510613516200497 6 0.23546446188395537 6  0.010000000000000002 0.004460000000000001 0.00446
10.0 -0.00393 0 0.5388842984388668 6 0.5005551485379428 6 0.14697737737752717 6  0.01 0.00393 0.0039299999999999995
10.0 -0.00339 0 0.4239152016112733 6 0.4124731453341486 6 0.014980244230094511 6  0.01 0.00339 0.003389999999999998
10.0 -0.00286 0 0.3977483628269176 6 0.4013498187947446 6 0.004877571698697495 6  0.009999999999999998 0.00286 0.002859999999999999
10.0 -0.00232 0 0.3869487580321984 6 0.39449205613314353 6 0.004733051423640096 6  0.009999999999999997 0.00232 0.002319999999999998
10.0 -0.00179 0 0.38539040672083746 6 0.38609601425853274 6 0.0001498427170538148 6  0.01 0.00179 0.001789999999999999
10.0 -0.00125 0 0.386608217671101 6 0.39423101713955416 6 0.0006721815487848662 6  0.010000000000000002 0.0012499999999999998 0.0012499999999999998
10.0 -0.00071 0 0.38662071757924404 6 0.3920894847423074 6 0.00015987465498027792 6  0.01 0.0007100000000000001 0.0007099999999999997
10.0 -0.00018 0 0.38685126933807307 6 0.39129086135051905 6 0.0010560419806039782 6  0.010000000000000002 0.0001800000000000003 0.00018000000000000004
10.0 0.00036 0 0.38660690150473564 6 0.38926769873712486 6 -0.00016295696669953053 6  0.010000000000000002 0.00036 0.00035999999999999953
10.0 0.00089 0 0.3871007985467407 6 0.3916331664356352 6 -3.9673183077105455e-05 6  0.01 0.0008900000000000002 0.0008900000000000001
10.0 0.00143 0 0.3865462108853661 6 0.4101791104771896 6 -0.0005534406770040583 6  0.010000000000000002 0.0014299999999999998 0.0014299999999999994
10.0 0.00196 0 0.3872867867462747 6 0.3913018236358216 6 0.0001957355222332364 6  0.01 0.001960000000000001 0.00196
10.0 0.0025 0 0.3876384894928642 6 0.3913062540439865 6 0.0024612089548235513 6  0.010000000000000002 0.0024999999999999996 0.0024999999999999983
10.0 0.00304 0 0.3914695341761172 6 0.40373637065297996 6 0.0043558535971910785 6  0.01 0.0030399999999999993 0.0030399999999999993
10.0 0.00357 0 0.505308970735392 6 0.4685455213943823 6 0.08064268592032406 6  0.010000000000000002 0.0035700000000000016 0.0035700000000000003
10.0 0.00411 0 0.6070545525443088 6 0.5720460026702531 6 0.172002521714183 6  0.01 0.004110000000000001 0.00411
10.0 0.00464 0 0.6944664298632404 6 0.6579717671688318 6 0.2826948676403233 6  0.010000000000000002 0.004640000000000001 0.00464
10.0 0.00518 0 0.779654488141311 6 0.7515885779936959 6 0.37705005450142054 6  0.01 0.005180000000000001 0.005179999999999999
10.0 0.00571 0 0.8547590435349618 6 0.8342226742241663 6 0.48755708359300687 6  0.010000000000000002 0.005710000000000001 0.005710000000000001
10.0 0.00625 0 0.9020335628970741 6 0.8857710404720615 6 0.5321182663701197 6  0.01 0.0062499999999999995 0.0062499999999999995
10.0 0.00679 0 0.9340496899871248 6 0.9213739998540886 6 0.6028077542987732 6  0.01 0.006789999999999999 0.006789999999999999
10.0 0.00732 0 0.9606699707231849 6 0.950827814560384 6 0.6149782559478989 6  0.009999999999999998 0.00732 0.007319999999999998
10.0 0.00786 0 0.9770362988346133 6 0.9695037269552635 6 0.6845875232651847 6  0.01 0.007860000000000002 0.00786
10.0 0.00839 0 0.9930724377084459 6 0.9905631370058945 6 0.6821434815457863 6  0.01 0.008389999999999998 0.008389999999999998
10.0 0.00893 0 0.995710740082492 6 0.995710740082492 6 0.7206679364247421 6  0.01 0.008930000000000002 0.008929999999999999
10.0 0.00946 0 0.9986562521726947 6 0.9986562521726947 6 0.7147022300575057 6  0.009999999999999998 0.00946 0.00946
10.0 0.01 0 1.0 6 1.0 6 0.7421706618609187 6  0.01 0.01 0.01
11.0 -0.005 0 0.776765874354658 6 0.7488402718790268 6 0.30684588264957485 6  0.011 0.004999999999999999 0.004999999999999999
11.0 -0.00446 0 0.6507323876773328 6 0.5990859408292585 6 0.2245859123489229 6  0.010999999999999998 0.00446 0.004459999999999999
11.0 -0.00393 0 0.5089929812319888 6 0.4884959455969136 6 0.09830669819097848 6  0.011 0.00393 0.00393
11.0 -0.00339 0 0.4252830082233575 6 0.41676454549694053 6 0.012891181147753264 6  0.010999999999999998 0.00339 0.0033899999999999985
11.0 -0.00286 0 0.39033652935783947 6 0.3904093991616744 6 0.0041274966945536945 6  0.011 0.002860000000000001 0.0028600000000000006
11.0 -0.00232 0 0.3899239839766882 6 0.3907420448237032 6 0.0037138411149969 6  0.011000000000000001 0.00232 0.0023199999999999987
11.0 -0.00179 0 0.3866043003488794 6 0.41505499004133833 6 0.0003692546242192556 6  0.011000000000000003 0.0017899999999999997 0.0017899999999999995
11.0 -0.00125 0 0.38698070165671344 6 0.3893258362415187 6 7.150383612967512e-06 6  0.010999999999999998 0.001250000000000001 0.0012500000000000002
11.0 -0.00071 0 0.3868518082102059 6 0.3875577865562592 6 -0.00040400101531116273 6  0.011000000000000001 0.0007100000000000001 0.0007100000000000001
11.0 -0.00018 0 0.38668089785539544 6 0.3901039518776153 6 -0.0004408752990367993 6  0.011000000000000001 0.00018000000000000004 0.00017999999999999898
11.0 0.00036 0 0.386782141187584 6 0.4000069689356568 6 -0.0007040944998072922 6  0.011 0.0003600000000000001 0.0003599999999999998
11.0 0.00089 0 0.38685146847687796 6 0.38696960080052545 6 0.00044643020438736775 6  0.011 0.0008900000000000002 0.0008899999999999998
11.0 0.00143 0 0.38655884385652384 6 0.38786556696456226 6 0.0014090832816632418 6  0.011000000000000003 0.0014299999999999998 0.0014299999999999985
11.0 0.00196 0 0.3870521223126062 6 0.38742427529923346 6 -0.0002519254452572891 6  0.011 0.00196 0.00196
11.0 0.0025 0 0.389104736497066 6 0.39331611251330656 6 -0.00043597408388632074 6  0.011 0.0024999999999999996 0.0024999999999999996
11.0 0.00304 0 0.39110953413093447 6 0.4173424045287703 6 0.004711094795715689 6  0.011000000000000001 0.00304 0.0030399999999999993
11.0 0.00357 0 0.4237669439651204 6 0.41583522048513627 6 0.03305483164451801 6  0.011000000000000001 0.0035700000000000003 0.00357
11.0 0.00411 0 0.5548961586627736 6 0.5179484180397183 6 0.13275041870896706 6  0.011000000000000001 0.004110000000000001 0.00411
11.0 0.00464 0 0.6469796708933415 6 0.6114422143252921 6 0.2537521078082938 6  0.011 0.004640000000000001 0.004639999999999999
11.0 0.00518 0 0.7268373573183406 6 0.6998894590800839 6 0.3187849106200344 6  0.011 0.005180000000000001 0.00518
11.0 0.00571 0 0.8137720759532812 6 0.7843485595803171 6 0.4130336811423686 6  0.011 0.00571 0.00571
11.0 0.00625 0 0.8695569899284247 6 0.8479952529120853 6 0.48238341891265946 6  0.011000000000000001 0.006250000000000002 0.00625
11.0 0.00679 0 0.9175810572337278 6 0.9065472421846015 6 0.5613235982037633 6  0.011000000000000001 0.006789999999999999 0.006789999999999998
11.0 0.00732 0 0.9521775534009467 6 0.9409468488912398 6 0.6411535932032055 6  0.011000000000000001 0.007320000000000003 0.007320000000000002
11.0 0.00786 0 0.9694197977655179 6 0.965417920674102 6 0.6593902363954283 6  0.010999999999999998 0.00786 0.00786
11.0 0.00839 0 0.9820579075507639 6 0.9782518075184022 6 0.6639934017725788 6  0.011000000000000001 0.008390000000000003 0.008390000000000002
11.0 0.00893 0 0.9908149482173659 6 0.989471667206863 6 0.6709902771353311 6  0.010999999999999998 0.00893 0.00893
11.0 0.00946 0 0.9971835428455254 6 0.9958399809329906 6 0.7102783407861009 6  0.011000000000000003 0.009460000000000003 0.009460000000000001
11.0 0.01 0 0.9977907728168472 6 0.9977907728168474 6 0.7224701976683758 6  0.011000000000000001 0.01 0.009999999999999998
12.0 -0.005 0 0.7181196934790387 6 0.6845281475551416 6 0.28637648795835857 6  0.011999999999999997 0.005 0.004999999999999999
12.0 -0.00446 0 0.6082324257562757 6 0.5632794860106397 6 0.18028276492310796 6  0.011999999999999999 0.00446 0.00446
12.0 -0.00393 0 0.4582250821362773 6 0.425449594644061 6 0.07047090585694875 6  0.011999999999999999 0.00393 0.00393
12.0 -0.00339 0 0.4030153864783764 6 0.39481742580445084 6 0.025252305171873657 6  0.012 0.00339 0.003389999999999999
12.0 -0.00286 0 0.39113429740805716 6 0.38929744444278275 6 0.0015343109554352234 6  0.012 0.0028600000000000006 0.0028599999999999993
12.0 -0.00232 0 0.3868961347459331 6 0.3869669374906301 6 0.006424001214446712 6  0.012 0.00232 0.002319999999999999
12.0 -0.00179 0 0.386778233765605 6 0.3874179732896958 6 0.00023353121720013425 6  0.012000000000000002 0.0017900000000000001 0.00179
12.0 -0.00125 0 0.38666002369494823 6 0.3909055683608583 6 0.000512994752541281 6  0.011999999999999999 0.0012500000000000002 0.0012499999999999994
12.0 -0.00071 0 0.3867711030107492 6 0.38679726808302484 6 -0.0008172927314092153 6  0.012 0.0007100000000000001 0.0007099999999999998
12.0 -0.00018 0 0.38689542077479927 6 0.38816740989822557 6 -0.000143509217036903 6  0.012 0.00018000000000000004 0.00017999999999999928
12.0 0.00036 0 0.38708033891862664 6 0.3875929626482764 6 0.00020277050670808533 6  0.012000000000000004 0.00035999999999999964 0.00035999999999999926
12.0 0.00089 0 0.38639768229820376 6 0.3873846497343179 6 0.0012253985435642875 6  0.012000000000000002 0.0008900000000000002 0.0008899999999999996
12.0 0.00143 0 0.38730809599916427 6 0.39149958326082546 6 0.00026750558218242436 6  0.012000000000000002 0.0014299999999999996 0.001429999999999999
12.0 0.00196 0 0.38728358058107387 6 0.40284915858378045 6 -0.00037122741530084044 6  0.011999999999999999 0.001960000000000001 0.0019599999999999995
12.0 0.0025 0 0.3876158377523696 6 0.3877146323987905 6 0.0005064228265734459 6  0.012000000000000002 0.0025000000000000005 0.0025000000000000005
12.0 0.00304 0 0.39030815410101144 6 0.39672873616261295 6 0.0033213614267676482 6  0.012 0.0030399999999999997 0.0030399999999999997
12.0 0.00357 0 0.4290952688875345 6 0.41358004408616367 6 0.051406696023381625 6  0.012 0.0035700000000000003 0.0035700000000000003
12.0 0.00411 0 0.518814641190662 6 0.4909387572721922 6 0.08563593256809901 6  0.012000000000000004 0.00411 0.00411
12.0 0.00464 0 0.628037034442785 6 0.5878751832285447 6 0.20381687277422456 6  0.012000000000000002 0.00464 0.004639999999999998
12.0 0.00518 0 0.7091173333885227 6 0.6759288807804712 6 0.283373294038637 6  0.012000000000000002 0.005180000000000001 0.00518
12.0 0.00571 0 0.7845558529025062 6 0.7625734255140619 6 0.3506074369110832 6  0.012000000000000004 0.00571 0.005709999999999999
12.0 0.00625 0 0.8423219002882976 6 0.8257984375780862 6 0.4678753514872584 6  0.012 0.006250000000000001 0.00625
12.0 0.00679 0 0.896068361944511 6 0.8858972998484622 6 0.49500501461015023 6  0.012000000000000002 0.006790000000000001 0.006790000000000001
12.0 0.00732 0 0.9346769605059323 6 0.9237201882702781 6 0.5701034317989905 6  0.012000000000000002 0.007320000000000001 0.00732
12.0 0.00786 0 0.9605394933838022 6 0.9564360228685107 6 0.6167839638548148 6  0.011999999999999999 0.00786 0.00786
12.0 0.00839 0 0.9775735582762574 6 0.9696440873986465 6 0.6525968813851097 6  0.012000000000000002 0.00839 0.008389999999999998
12.0 0.00893 0 0.9833768160696679 6 0.9798389622475432 6 0.658467205507132 6  0.011999999999999999 0.008929999999999999 0.008929999999999999
12.0 0.00946 0 0.9942381708508773 6 0.9895205823970101 6 0.6783880408499545 6  0.012000000000000004 0.009460000000000001 0.009460000000000001
12.0 0.01 0 0.996447118116711 6 0.9951521441154074 6 0.71767193753406 6  0.011999999999999999 0.01 0.009999999999999998
13.0 -0.005 0 0.6853409604223308 6 0.6581214377508109 6 0.2831665149590389 6  0.013 0.005 0.005
13.0 -0.00446 0 0.5395998775941278 6 0.5049860721035686 6 0.12288835220004779 6  0.012999999999999994 0.00446 0.004459999999999997
13.0 -0.00393 0 0.4135600856160195 6 0.4173322158820903 6 0.050280166948325926 6  0.013000000000000001 0.00393 0.0039299999999999995
13.0 -0.00339 0 0.3912271501542745 6 0.3957537913096512 6 0.011500323218700375 6  0.012999999999999998 0.00339 0.0033899999999999985
13.0 -0.00286 0 0.39133373086365014 6 0.3894771010588676 6 0.0032755352539567454 6  0.013 0.00286 0.0028599999999999984
13.0 -0.00232 0 0.38653315223220036 6 0.387659432430346 6 0.0007554467383857965 6  0.013000000000000001 0.0023200000000000004 0.00232
13.0 -0.00179 0 0.38711298550559026 6 0.38989199220198884 6 0.001834030473034592 6  0.012999999999999998 0.00179 0.0017899999999999982
13.0 -0.00125 0 0.3870482291892851 6 0.38917650588181274 6 -0.0007479448654727701 6  0.013000000000000001 0.0012500000000000013 0.0012500000000000002
13.0 -0.00071 0 0.38666515650888256 6 0.3876455847093907 6 0.000714615591976727 6  0.012999999999999998 0.0007100000000000001 0.0007099999999999984
13.0 -0.00018 0 0.386568119885687 6 0.38924356241599983 6 -0.0010106391238745216 6  0.013000000000000003 0.00018000000000000066 0.0001799999999999996
13.0 0.00036 0 0.3863742887408513 6 0.3863155999316572 6 -0.000265622582155556 6  0.013 0.00036000000000000116 0.00036
13.0 0.00089 0 0.38664795728445756 6 0.38657538701087724 6 -0.0005274473992351122 6  0.013000000000000001 0.0008900000000000009 0.0008900000000000002
13.0 0.00143 0 0.3869311167612927 6 0.38700736765639193 6 0.0008400764033056861 6  0.013 0.0014299999999999998 0.0014299999999999992
13.0 0.00196 0 0.386831487805563 6 0.3895790425094882 6 0.001998845604827521 6  0.013 0.0019600000000000004 0.0019599999999999995
13.0 0.0025 0 0.38892672222377656 6 0.39683706729413076 6 2.716648960002233e-05 6  0.013 0.0025000000000000005 0.0025000000000000005
13.0 0.00304 0 0.39123871311022235 6 0.3906945290524467 6 0.0035596708409167403 6  0.013000000000000001 0.0030399999999999997 0.0030399999999999993
13.0 0.00357 0 0.3994110743007341 6 0.3943324016515335 6 0.01535913377845138 6  0.012999999999999998 0.003570000000000001 0.0035700000000000003
13.0 0.00411 0 0.4835456784558833 6 0.4525520772700523 6 0.06432948876935282 6  0.013 0.00411 0.00411
13.0 0.00464 0 0.5694739416598371 6 0.541030985992873 6 0.15741328965637671 6  0.012999999999999998 0.00464 0.00464
13.0 0.00518 0 0.6843323727617199 6 0.6547052230225484 6 0.27188707419042174 6  0.013000000000000003 0.005180000000000001 0.005179999999999999
13.0 0.00571 0 0.7607581635408327 6 0.7363484391695161 6 0.3358552564468083 6  0.013 0.005709999999999999 0.005709999999999998
13.0 0.00625 0 0.8301094556366031 6 0.8169593629467398 6 0.3956574458072471 6  0.013000000000000001 0.006250000000000001 0.00625
13.0 0.00679 0 0.8817155456055616 6 0.867719846717737 6 0.4804819860481929 6  0.012999999999999998 0.006790000000000001 0.006789999999999999
13.0 0.00732 0 0.9096795905345901 6 0.8935280831199742 6 0.5422179421571912 6  0.013000000000000001 0.00732 0.00732
13.0 0.00786 0 0.944598349641998 6 0.9342877214573534 6 0.6083620667656467 6  0.012999999999999998 0.00786 0.007859999999999999
13.0 0.00839 0 0.9673925729203121 6 0.9608031108916683 6 0.6352102549617928 6  0.013000000000000001 0.008389999999999998 0.008389999999999998
13.0 0.00893 0 0.969720574184421 6 0.9692377365496729 6 0.6624855013186653 6  0.012999999999999998 0.008929999999999999 0.008929999999999999
13.0 0.00946 0 0.9830274488295319 6 0.9794041914490388 6 0.6880054051418046 6  0.013000000000000001 0.00946 0.00946
13.0 0.01 0 0.9926743508808377 6 0.9907723763085937 6 0.7131521980175045 6  0.012999999999999998 0.01 0.01
14.0 -0.005 0 0.6390761969351285 6 0.6097528853031977 6 0.18114012979812028 6  0.014 0.005 0.005
14.0 -0.00446 0 0.5289753223908833 6 0.4996010817781892 6 0.12070874468268282 6  0.014 0.004460000000000001 0.00446
14.0 -0.00393 0 0.40416046617830587 6 0.39969865766152124 6 0.04084250706649222 6  0.014000000000000004 0.00393 0.003929999999999999
14.0 -0.00339 0 0.39417311283889933 6 0.3932256244370733 6 0.01667280474470391 6  0.014000000000000002 0.0033900000000000002 0.00339
14.0 -0.00286 0 0.38676416102552585 6 0.38966416697518064 6 0.0035568547589343545 6  0.014000000000000002 0.0028600000000000006 0.0028599999999999993
14.0 -0.00232 0 0.38677404578233254 6 0.38823374582211756 6 0.0005713001534504998 6  0.013999999999999999 0.0023200000000000004 0.0023199999999999996
14.0 -0.00179 0 0.3876234751282584 6 0.38805983661615145 6 -0.0007216078760826799 6  0.013999999999999999 0.00179 0.0017899999999999995
14.0 -0.00125 0 0.3868570805553055 6 0.39146849394743427 6 0.001428851814534425 6  0.014000000000000004 0.0012500000000000005 0.0012500000000000002
14.0 -0.00071 0 0.38639019335078884 6 0.386700159315741 6 -0.00045078238816925173 6  0.013999999999999999 0.0007099999999999999 0.0007099999999999997
14.0 -0.00018 0 0.3867018471292099 6 0.387054740951309 6 0.00015271995075758006 6  0.014 0.0001799999999999996 0.00017999999999999928
14.0 0.00036 0 0.3869066151269016 6 0.3872448737602802 6 -0.00035882025994028803 6  0.014000000000000002 0.0003600000000000001 0.00036
14.0 0.00089 0 0.3866581396069101 6 0.3865848793822227 6 0.0013107370146416887 6  0.014000000000000002 0.0008900000000000016 0.0008900000000000001
14.0 0.00143 0 0.38676616858206103 6 0.38682379270289535 6 -0.0002201276906525034 6  0.013999999999999999 0.001430000000000001 0.0014299999999999998
14.0 0.00196 0 0.38679098350453367 6 0.3877828318586999 6 0.0007861730198196885 6  0.014 0.0019600000000000004 0.00196
14.0 0.0025 0 0.38708049953554075 6 0.38706346569742267 6 0.0005042061196544697 6  0.014 0.0025000000000000014 0.0024999999999999996
14.0 0.00304 0 0.3864979659581958 6 0.3871450272177574 6 0.00725369703985048 6  0.014000000000000002 0.0030400000000000006 0.00304
14.0 0.00357 0 0.4023949059169137 6 0.40109099259949943 6 0.018448475269547703 6  0.013999999999999999 0.0035699999999999994 0.003569999999999999
14.0 0.00411 0 0.419333401824383 6 0.4166697647923014 6 0.05335006900615941 6  0.014000000000000002 0.004110000000000001 0.00411
14.0 0.00464 0 0.5639985785268765 6 0.5495790667441698 6 0.13492169119660746 6  0.013999999999999999 0.004640000000000001 0.00464
14.0 0.00518 0 0.6353944675401509 6 0.616776896964522 6 0.22298480936823345 6  0.014 0.00518 0.005179999999999999
14.0 0.00571 0 0.7219320969219435 6 0.7031610065540097 6 0.28550639516816123 6  0.014000000000000002 0.005709999999999999 0.005709999999999996
14.0 0.00625 0 0.7966054636212878 6 0.7782139433858556 6 0.360117837924678 6  0.014 0.0062499999999999995 0.0062499999999999995
14.0 0.00679 0 0.8547313244178665 6 0.841780577177514 6 0.4475357167343693 6  0.014000000000000002 0.006790000000000001 0.006790000000000001
14.0 0.00732 0 0.893342325306393 6 0.8811717238518905 6 0.5311615468873101 6  0.014 0.00732 0.007319999999999998
14.0 0.00786 0 0.9305256540354591 6 0.9199075154242046 6 0.5748244151725116 6  0.014000000000000002 0.007860000000000002 0.007859999999999999
14.0 0.00839 0 0.9537613106850295 6 0.9431118781365639 6 0.614041816852267 6  0.014 0.008389999999999998 0.008389999999999998
14.0 0.00893 0 0.9689623607600871 6 0.9653882887846185 6 0.6280597112148109 6  0.014 0.00893 0.00893
14.0 0.00946 0 0.9799921281067487 6 0.97592289894893 6 0.6653702611375494 6  0.014000000000000002 0.00946 0.00946
14.0 0.01 0 0.9897786916339284 6 0.9892518794590656 6 0.675721870397124 6  0.013999999999999999 0.010000000000000002 0.010000000000000002
15.0 -0.005 0 0.598423866922778 6 0.574070430988086 6 0.16664620074901312 6  0.015 0.004999999999999999 0.0049999999999999975
15.0 -0.00446 0 0.4847362046504331 6 0.4659366353697608 6 0.09033190229822208 6  0.015000000000000001 0.00446 0.004459999999999998
15.0 -0.00393 0 0.3995435945893572 6 0.40238343297180384 6 0.024785158298115447 6  0.015 0.00393 0.003929999999999999
15.0 -0.00339 0 0.3909913058129372 6 0.39236502267442575 6 0.010014785077239829 6  0.014999999999999998 0.00339 0.003389999999999999
15.0 -0.00286 0 0.38745891735570487 6 0.39145213096798215 6 0.007809157259814381 6  0.014999999999999998 0.0028599999999999997 0.002859999999999998
15.0 -0.00232 0 0.3867644602322708 6 0.38808641607387506 6 -4.5953455039511935e-05 6  0.015000000000000003 0.0023200000000000004 0.00232
15.0 -0.00179 0 0.3863451703699524 6 0.38824809359218604 6 0.0006632964722383125 6  0.014999999999999998 0.00179 0.001789999999999999
15.0 -0.00125 0 0.3867964722251691 6 0.38727911813579763 6 0.0007156605174683205 6  0.015000000000000001 0.0012500000000000002 0.0012499999999999996
15.0 -0.00071 0 0.3863922725106913 6 0.3874518429011661 6 -7.089798959541258e-05 6  0.014999999999999998 0.0007099999999999997 0.000709999999999997
15.0 -0.00018 0 0.38644002867143634 6 0.38736006743094076 6 0.0007650010162795919 6  0.015000000000000005 0.00018000000000000045 0.0001799999999999996
15.0 0.00036 0 0.3865770069837439 6 0.39029501910414083 6 0.0003339596170093355 6  0.015000000000000001 0.0003600000000000001 0.00035999999999999867
15.0 0.00089 0 0.3867763815287703 6 0.3873851587369102 6 -0.00032741567142775043 6  0.015 0.0008900000000000006 0.0008900000000000002
15.0 0.00143 0 0.38649696218951013 6 0.38690210414360965 6 -2.662253056372905e-05 6  0.015 0.0014300000000000014 0.0014299999999999998
15.0 0.00196 0 0.38673295586643325 6 0.38697274594476155 6 0.0003089203712461948 6  0.015000000000000003 0.0019600000000000004 0.00196
15.0 0.0025 0 0.38635939261598823 6 0.38790019972770307 6 0.0007144057710808704 6  0.015000000000000001 0.0024999999999999996 0.0024999999999999988
15.0 0.00304 0 0.3891229902274211 6 0.389033652490333 6 0.006179794286408049 6  0.015000000000000001 0.0030400000000000015 0.0030399999999999997
15.0 0.00357 0 0.3892462139912793 6 0.39212347685187504 6 0.009242521591262447 6  0.015000000000000001 0.0035699999999999994 0.003569999999999999
15.0 0.00411 0 0.431520224454258 6 0.40701773227715415 6 0.03202587559893675 6  0.015 0.004110000000000001 0.00411
15.0 0.00464 0 0.54895623249401 6 0.5248019734675841 6 0.11620111224291185 6  0.015000000000000003 0.004640000000000001 0.00464
15.0 0.00518 0 0.6192256358508337 6 0.5957229416876465 6 0.22319278013519733 6  0.015000000000000001 0.00518 0.005179999999999999
15.0 0.00571 0 0.699714662513065 6 0.6720869830156565 6 0.29835282939456786 6  0.015000000000000001 0.00571 0.00571
15.0 0.00625 0 0.7712651313364379 6 0.7463588282837268 6 0.3415311872529687 6  0.015000000000000003 0.0062499999999999995 0.006249999999999999
15.0 0.00679 0 0.8327623550041187 6 0.8164156350889966 6 0.4605541689326271 6  0.015 0.006789999999999999 0.006789999999999999
15.0 0.00732 0 0.8760781965394036 6 0.8568237268210892 6 0.48303295581487105 6  0.015000000000000003 0.007319999999999999 0.007319999999999999
15.0 0.00786 0 0.9001494401777148 6 0.8838490481937892 6 0.5152132109714974 6  0.015 0.007860000000000002 0.00786
15.0 0.00839 0 0.9370223837024575 6 0.9227383589652286 6 0.5860870940599493 6  0.015 0.00839 0.008389999999999998
15.0 0.00893 0 0.9584768597050136 6 0.9543266772581808 6 0.6359784846665392 6  0.014999999999999996 0.00893 0.00893
15.0 0.00946 0 0.974300252785752 6 0.9691903802051042 6 0.6423684963599114 6  0.015000000000000001 0.00946 0.00946
15.0 0.01 0 0.9842997794793726 6 0.9815335484737233 6 0.6392355048520353 6  0.015 0.010000000000000002 0.009999999999999998
16.0 -0.005 0 0.5639441236277647 6 0.5332134079513792 6 0.14851099607770943 6  0.015999999999999997 0.004999999999999999 0.004999999999999999
16.0 -0.00446 0 0.45655494178740696 6 0.43904900741883274 6 0.032034161697974524 6  0.015999999999999993 0.00446 0.0044599999999999996
16.0 -0.00393 0 0.39871563817074246 6 0.3897188337275011 6 0.014751613911800498 6  0.016000000000000004 0.003930000000000001 0.003930000000000001
16.0 -0.00339 0 0.38902049268821154 6 0.3898875888756615 6 0.0014276088348063184 6  0.016 0.0033900000000000002 0.00339
16.0 -0.00286 0 0.3879339753162707 6 0.3887057711338259 6 0.002893060168429173 6  0.015999999999999997 0.0028599999999999997 0.002859999999999998
16.0 -0.00232 0 0.3871958207167844 6 0.3881797319831076 6 0.001967509705347525 6  0.016000000000000004 0.0023200000000000004 0.00232
16.0 -0.00179 0 0.387082736154918 6 0.38725421530225496 6 -0.00045104174179128276 6  0.016 0.0017900000000000001 0.00179
16.0 -0.00125 0 0.38642066151791377 6 0.38677971836000646 6 0.0009441713944483637 6  0.016000000000000004 0.0012500000000000015 0.0012500000000000002
16.0 -0.00071 0 0.3867731689405442 6 0.3869167860728421 6 -0.0007109965214682553 6  0.016 0.0007099999999999996 0.0007099999999999986
16.0 -0.00018 0 0.3866425030590243 6 0.38680690098983894 6 -0.00028241860212133455 6  0.016 0.00018000000000000118 0.0001799999999999996
16.0 0.00036 0 0.386519735473874 6 0.386662614199868 6 -0.0005038884147642047 6  0.015999999999999993 0.00036000000000000273 0.00036
16.0 0.00089 0 0.3866771168063259 6 0.38666362959861045 6 -0.00025433722578413644 6  0.016000000000000004 0.0008900000000000002 0.0008899999999999988
16.0 0.00143 0 0.3868529837370449 6 0.3868776134600515 6 0.000226779266092057 6  0.016 0.0014299999999999998 0.0014299999999999983
16.0 0.00196 0 0.3869744639716066 6 0.38681265657692365 6 -0.00039377763473083586 6  0.015999999999999997 0.001960000000000001 0.00196
16.0 0.0025 0 0.3868213889518472 6 0.3871981955034906 6 4.10421972788464e-05 6  0.015999999999999997 0.0025000000000000022 0.0024999999999999996
16.0 0.00304 0 0.38707196597007215 6 0.3898840662764873 6 0.0019375026170100778 6  0.016000000000000004 0.0030399999999999997 0.0030399999999999997
16.0 0.00357 0 0.3884962686647887 6 0.3916434919146109 6 0.007525398424850246 6  0.016 0.0035699999999999985 0.0035699999999999985
16.0 0.00411 0 0.4292795436782145 6 0.4140575451124754 6 0.026712743117066128 6  0.016 0.00411 0.004109999999999999
16.0 0.00464 0 0.4653661236706165 6 0.42937938259451586 6 0.06525466260066405 6  0.015999999999999997 0.004639999999999999 0.004639999999999999
16.0 0.00518 0 0.5779070191783869 6 0.547940776907571 6 0.15584066724621443 6  0.016 0.00518 0.00518
16.0 0.00571 0 0.6731318329391447 6 0.6508408650510735 6 0.24266030867760555 6  0.016 0.005709999999999999 0.005709999999999998
16.0 0.00625 0 0.735655178033258 6 0.7114641141080342 6 0.2852255543897293 6  0.016 0.006250000000000001 0.00625
16.0 0.00679 0 0.8100603922587348 6 0.792300557720388 6 0.354718060354204 6  0.016 0.006790000000000001 0.006789999999999999
16.0 0.00732 0 0.8564792684550702 6 0.8373184942159642 6 0.44084738280709346 6  0.016 0.00732 0.007319999999999999
16.0 0.00786 0 0.8955896998055148 6 0.8834538236101549 6 0.5224285848430209 6  0.015999999999999997 0.00786 0.00786
16.0 0.00839 0 0.9328378160636764 6 0.9263364151720456 6 0.5897976892367591 6  0.015999999999999997 0.008390000000000002 0.008389999999999998
16.0 0.00893 0 0.9464092379531802 6 0.9399400794297971 6 0.5935776839941193 6  0.015999999999999997 0.00893 0.00893
16.0 0.00946 0 0.9662914899645692 6 0.9599909500699678 6 0.6702824626746318 6  0.015999999999999997 0.009460000000000001 0.009459999999999998
16.0 0.01 0 0.9794556331153144 6 0.9754955686140132 6 0.6804440657284316 6  0.016 0.010000000000000002 0.01
17.0 -0.005 0 0.5399362974759289 6 0.5140970348223273 6 0.11641033174425525 6  0.016999999999999998 0.005 0.005
17.0 -0.00446 0 0.43667427067907544 6 0.4245531944693889 6 0.05355127950821439 6  0.016999999999999998 0.00446 0.00446
17.0 -0.00393 0 0.40350197469690063 6 0.39988051667067176 6 0.020568366149483715 6  0.017 0.00393 0.003929999999999998
17.0 -0.00339 0 0.38903661292675634 6 0.38973767087769146 6 0.002305105103872086 6  0.017 0.00339 0.003389999999999997
17.0 -0.00286 0 0.386814693781532 6 0.3873992871001876 6 0.0006046023086328593 6  0.017 0.0028599999999999997 0.0028599999999999984
17.0 -0.00232 0 0.3864914806598956 6 0.38819339256588153 6 0.0009891166696584636 6  0.017 0.00232 0.002319999999999999
17.0 -0.00179 0 0.38630436066369006 6 0.38706730368462927 6 0.0012274648880804386 6  0.017 0.00179 0.0017899999999999997
17.0 -0.00125 0 0.3867040585605733 6 0.38747774632210097 6 -0.0001654842049500017 6  0.017 0.0012500000000000002 0.0012499999999999998
17.0 -0.00071 0 0.3867113988304521 6 0.38694237600043513 6 -0.0003066717736139509 6  0.017 0.0007100000000000002 0.0007099999999999997
17.0 -0.00018 0 0.38658319253166545 6 0.38738422452002863 6 0.0004742683698681305 6  0.017 0.0001799999999999996 0.00017999999999999787
17.0 0.00036 0 0.3867287654337358 6 0.38681942864143515 6 -0.0001751334975799123 6  0.017 0.0003600000000000003 0.0003600000000000001
17.0 0.00089 0 0.3865523592134636 6 0.3873979137801415 6 0.0003522111945613924 6  0.017 0.0008900000000000005 0.0008900000000000002
17.0 0.00143 0 0.38686268661241346 6 0.38675011956646604 6 0.00022922033375509686 6  0.017 0.0014299999999999998 0.0014299999999999996
17.0 0.00196 0 0.38675374224371356 6 0.3874052385259774 6 -0.0003649461346557536 6  0.017000000000000005 0.00196 0.00196
17.0 0.0025 0 0.3868554977145748 6 0.3883181670177368 6 0.0009860905436574244 6  0.017 0.002500000000000001 0.0025000000000000005
17.0 0.00304 0 0.38804797756878306 6 0.3883123341737712 6 0.0012828028734262838 6  0.017 0.0030400000000000015 0.0030399999999999997
17.0 0.00357 0 0.3908645757937417 6 0.39127652903996674 6 0.006637255310164605 6  0.017 0.0035700000000000007 0.0035700000000000003
17.0 0.00411 0 0.4048299977490165 6 0.4007815937270321 6 0.01745107813211377 6  0.017 0.004109999999999999 0.004109999999999998
17.0 0.00464 0 0.4720452750615586 6 0.4478474429702955 6 0.09671829273491189 6  0.017000000000000005 0.004640000000000001 0.00464
17.0 0.00518 0 0.5650015951719658 6 0.5435304019981689 6 0.13222366942831212 6  0.017 0.005179999999999998 0.005179999999999998
17.0 0.00571 0 0.6197677856379833 6 0.5953751709234089 6 0.207076589063283 6  0.017 0.00571 0.005709999999999999
17.0 0.00732 0 0.8238673897675151 6 0.8174725174419438 6 0.3925331747419475 6  0.017000000000000005 0.00732 0.007319999999999998
17.0 0.00679 0 0.7882788634935086 6 0.7736158132036238 6 0.3571523659340324 6  0.017 0.006790000000000003 0.00679
17.0 0.00625 0 0.7212345405051065 6 0.7037215421801092 6 0.2927429860451132 6  0.017 0.006250000000000002 0.00625
17.0 0.00786 0 0.8733847701407254 6 0.8605888490035356 6 0.4914868790462877 6  0.017 0.00786 0.007859999999999999
17.0 0.00839 0 0.9024583381509116 6 0.8928769128086316 6 0.4930088954960306 6  0.017 0.00839 0.008389999999999996
17.0 0.00893 0 0.9362525829386096 6 0.9272013544017974 6 0.6086457694675605 6  0.017 0.00893 0.008929999999999999
17.0 0.00946 0 0.9520719874893846 6 0.9428706821447546 6 0.6149244485825353 6  0.017000000000000005 0.009460000000000001 0.009460000000000001
17.0 0.01 0 0.9685139974519569 6 0.9641556315768526 6 0.6527662607108242 6  0.017000000000000005 0.01 0.009999999999999998
18.0 -0.005 0 0.49757251800545343 6 0.4759853783158311 6 0.08687927403382956 6  0.017999999999999995 0.005 0.004999999999999999
18.0 -0.00446 0 0.4248702625808155 6 0.41420559849167715 6 0.03611639892817159 6  0.018 0.00446 0.0044599999999999996
18.0 -0.00393 0 0.39584593602062473 6 0.3959742335870998 6 0.007894462995690516 6  0.018000000000000002 0.00393 0.0039299999999999995
18.0 -0.00339 0 0.3890876291487699 6 0.3894916409216491 6 0.003637608407470208 6  0.018 0.00339 0.0033899999999999976
18.0 -0.00286 0 0.3886702945636853 6 0.38832284566030767 6 -6.395723012672545e-05 6  0.018000000000000006 0.0028599999999999997 0.002859999999999998
18.0 -0.00179 0 0.3870069765409231 6 0.3876736917733828 6 0.0007754407083683404 6  0.018 0.001790000000000001 0.00179
18.0 -0.00232 0 0.3887470641375374 6 0.3876190488867902 6 -0.00025916551839429413 6  0.018000000000000002 0.0023200000000000004 0.00232
18.0 -0.00125 0 0.3864703632741191 6 0.388011398241547 6 -0.00026293715494050935 6  0.018000000000000002 0.001250000000000002 0.0012500000000000002
18.0 -0.00071 0 0.38664460556194974 6 0.38688591324089655 6 -0.00019412943566408006 6  0.018000000000000002 0.0007100000000000003 0.0007099999999999997
18.0 -0.00018 0 0.3865021765301665 6 0.3869545647671338 6 -0.0002023500153518475 6  0.018000000000000002 0.0001799999999999996 0.00017999999999999885
18.0 0.00036 0 0.3867798286041017 6 0.3864814882800823 6 0.0007241610596189327 6  0.017999999999999995 0.000360000000000002 0.0003600000000000001
18.0 0.00089 0 0.3868642946689566 6 0.38744836042035163 6 -0.0004080766156825696 6  0.018000000000000002 0.0008900000000000004 0.0008900000000000002
18.0 0.00143 0 0.3867458101690493 6 0.3874336970623128 6 -0.00041584625756812833 6  0.018 0.0014299999999999996 0.0014299999999999988
18.0 0.00196 0 0.3874060382469775 6 0.38693256352038896 6 0.0011542140266230013 6  0.018 0.00196 0.0019599999999999995
18.0 0.00304 0 0.3876113122567971 6 0.38761159488250835 6 0.003705737986708557 6  0.018000000000000002 0.0030400000000000015 0.003040000000000001
18.0 0.0025 0 0.3866544546203409 6 0.3865845111284642 6 0.003964892661762457 6  0.018 0.0025000000000000022 0.0025000000000000005
18.0 0.00357 0 0.389501058840991 6 0.3891588709002729 6 0.004057087252050918 6  0.018000000000000002 0.00357 0.003569999999999999
18.0 0.00411 0 0.38932669653599195 6 0.39061543808560806 6 0.0048140044893965565 6  0.018000000000000002 0.004110000000000002 0.004110000000000001
18.0 0.00464 0 0.4791417242567265 6 0.44871651589630634 6 0.07952251638926117 6  0.018000000000000002 0.00464 0.00464
18.0 0.00518 0 0.5236681431960251 6 0.5124807870049005 6 0.12622885484276486 6  0.018000000000000002 0.005180000000000001 0.005180000000000001
18.0 0.00571 0 0.6135384640164466 6 0.5907068905290036 6 0.1964270221587492 6  0.018000000000000002 0.005710000000000001 0.005709999999999999
18.0 0.00625 0 0.7010906703364879 6 0.6882528791261598 6 0.29299569015830074 6  0.018000000000000002 0.00625 0.00625
18.0 0.00679 0 0.7576024527771379 6 0.7389212911183153 6 0.3354383794357165 6  0.018000000000000002 0.006790000000000001 0.006789999999999999
18.0 0.00732 0 0.8010368130470781 6 0.7825611538386482 6 0.3770025573294204 6  0.018000000000000002 0.007320000000000001 0.00732
18.0 0.00786 0 0.8676354581416692 6 0.856865916158868 6 0.41357225784978535 6  0.018000000000000002 0.00786 0.007859999999999997
18.0 0.00839 0 0.9048878926585712 6 0.8955792785385538 6 0.5327251861186308 6  0.018 0.00839 0.00839
18.0 0.00946 0 0.93644581983213 6 0.9329784209343285 6 0.5907809004865331 6  0.018000000000000002 0.00946 0.00946
18.0 0.00893 0 0.9229358824570043 6 0.9138594550707251 6 0.5513944641138079 6  0.018000000000000002 0.008929999999999999 0.008929999999999999
18.0 0.01 0 0.9622864684333333 6 0.9575086686071312 6 0.6068735327976604 6  0.018 0.01 0.009999999999999998
19.0 -0.005 0 0.49360185851463056 6 0.46917424225121324 6 0.08373762781100937 6  0.018999999999999996 0.005 0.004999999999999999
19.0 -0.00446 0 0.41212418854082805 6 0.40009541285783057 6 0.04465998515379988 6  0.019000000000000006 0.00446 0.0044599999999999996
19.0 -0.00393 0 0.395643519608328 6 0.3913104127304005 6 0.006712572999363756 6  0.019000000000000003 0.003930000000000002 0.00393
19.0 -0.00339 0 0.3897636211153476 6 0.3886465802419398 6 0.005647146154908835 6  0.019000000000000003 0.003390000000000001 0.00339
19.0 -0.00286 0 0.38706977850230917 6 0.38793529976502183 6 0.0018255128785795913 6  0.019000000000000003 0.0028600000000000014 0.0028599999999999997
19.0 -0.00232 0 0.38693619297135035 6 0.38775328779980234 6 0.0001224795746498316 6  0.019 0.00232 0.0023199999999999996
19.0 -0.00179 0 0.3866888650694063 6 0.38687323296558357 6 0.0010419073573073236 6  0.019000000000000003 0.0017900000000000017 0.00179
19.0 -0.00125 0 0.3866276814784058 6 0.3869053171417699 6 -0.0005483525228479744 6  0.019 0.0012500000000000018 0.0012500000000000002
19.0 -0.00071 0 0.38657233891337645 6 0.38685035163869325 6 -0.00018356461085122805 6  0.018999999999999996 0.0007099999999999997 0.0007099999999999975
19.0 -0.00018 0 0.3865901950230785 6 0.386937868565855 6 0.0006717329620516773 6  0.018999999999999996 0.0001799999999999996 0.00017999999999999584
19.0 0.00036 0 0.3866364068738658 6 0.38664567488530344 6 5.4177308132486736e-05 6  0.018999999999999996 0.0003600000000000004 0.00036
19.0 0.00089 0 0.3864813919792739 6 0.3872152194784651 6 -0.0006512083334781995 6  0.019000000000000003 0.0008900000000000002 0.000889999999999999
19.0 0.00196 0 0.38704483611879437 6 0.3871241874488883 6 4.969295660639665e-05 6  0.018999999999999996 0.001960000000000001 0.00196
19.0 0.00143 0 0.3866285036801681 6 0.38645193324146937 6 0.0009691647052268373 6  0.019 0.0014299999999999998 0.0014299999999999998
19.0 0.0025 0 0.3867421800214167 6 0.38698694788974497 6 3.2944325963597284e-06 6  0.019 0.0025000000000000005 0.0025
19.0 0.00304 0 0.38817622720624784 6 0.38824510877884494 6 0.0020458007121699757 6  0.019 0.0030399999999999997 0.0030399999999999993
19.0 0.00357 0 0.3873457117122982 6 0.38803350195797737 6 0.0058376230371307665 6  0.019 0.0035700000000000003 0.0035700000000000003
19.0 0.00411 0 0.3949986831074665 6 0.394274708932937 6 0.0007732410568344808 6  0.018999999999999996 0.004110000000000001 0.004109999999999999
19.0 0.00464 0 0.42609474195664504 6 0.409366618525468 6 0.025454299827042226 6  0.019 0.004640000000000001 0.004639999999999999
19.0 0.00518 0 0.5110481478517732 6 0.49078496562302754 6 0.10543241935994278 6  0.019000000000000003 0.005179999999999999 0.005179999999999996
19.0 0.00571 0 0.5916187890233656 6 0.5725670837107559 6 0.12406332625006541 6  0.019000000000000003 0.00571 0.005709999999999999
19.0 0.00625 0 0.6779070708414435 6 0.6573248296109163 6 0.24585285287617914 6  0.019000000000000003 0.00625 0.00625
19.0 0.00679 0 0.7435280041078088 6 0.7279734593964692 6 0.33696880153473774 6  0.018999999999999996 0.006790000000000001 0.00679
19.0 0.00732 0 0.802341020845307 6 0.7909572609872307 6 0.37201768326224355 6  0.019 0.00732 0.007319999999999998
19.0 0.00786 0 0.8447677184958621 6 0.8292365255763162 6 0.45509568166046926 6  0.019 0.00786 0.007859999999999999
19.0 0.00839 0 0.8800316339009501 6 0.8685294165173113 6 0.4930626568245215 6  0.019 0.008390000000000002 0.00839
19.0 0.00893 0 0.9180218977190339 6 0.9092658327548799 6 0.5726398562513093 6  0.019 0.008929999999999999 0.008929999999999997
19.0 0.00946 0 0.9396934745339853 6 0.9344671285112965 6 0.5666485212600663 6  0.019000000000000003 0.00946 0.00946
19.0 0.01 0 0.9627069793680235 6 0.9560284579214074 6 0.6034169945652775 6  0.019 0.009999999999999998 0.009999999999999998
20.0 -0.005 0 0.4813274131879363 6 0.44436798505519537 6 0.07515270269578095 6  0.019999999999999997 0.005000000000000001 0.004999999999999999
20.0 -0.00446 0 0.401599105181951 6 0.40422487608832575 6 0.009414728558372573 6  0.019999999999999997 0.00446 0.0044599999999999996
20.0 -0.00339 0 0.38771366278276514 6 0.3880456099041366 6 0.003481102712485657 6  0.02 0.0033900000000000007 0.00339
20.0 -0.00393 0 0.3877177932780848 6 0.38767901907251556 6 0.005495659223194313 6  0.020000000000000004 0.003930000000000002 0.00393
20.0 -0.00286 0 0.38696769310160595 6 0.3870220887787411 6 0.0017115285608126204 6  0.02 0.0028599999999999997 0.002859999999999999
20.0 -0.00232 0 0.3866937017024929 6 0.38749733184173835 6 0.0020165003745872844 6  0.020000000000000004 0.0023200000000000004 0.00232
20.0 -0.00179 0 0.3864755739607587 6 0.3870083816277291 6 0.001770075559072936 6  0.02 0.00179 0.0017899999999999982
20.0 -0.00125 0 0.3869523576982063 6 0.38714658584444706 6 0.0007677032222314386 6  0.019999999999999993 0.00125 0.0012499999999999996
20.0 -0.00018 0 0.3862770320089419 6 0.3869361598292527 6 -0.00027897550627676144 6  0.02 0.0001799999999999996 0.00017999999999999828
20.0 0.00036 0 0.38638008457856393 6 0.3867520887399526 6 -0.00020697712558667608 6  0.02 0.00036000000000000024 0.0003600000000000001
20.0 -0.00071 0 0.3863311031592706 6 0.38748077247223434 6 0.0013046444947580015 6  0.02 0.0007099999999999997 0.0007099999999999979
20.0 0.00089 0 0.3866735842271801 6 0.38724900710431925 6 -0.00038407939761527855 6  0.020000000000000007 0.0008900000000000002 0.0008900000000000001
20.0 0.00143 0 0.3864401214760625 6 0.3865036924436467 6 0.00024022399771572278 6  0.019999999999999997 0.0014299999999999998 0.0014299999999999992
20.0 0.00196 0 0.38658743349095687 6 0.3893553183630806 6 0.001375466228712148 6  0.020000000000000004 0.0019600000000000017 0.00196
20.0 0.0025 0 0.3867464969759199 6 0.3870147340258256 6 -0.0001879335103528639 6  0.02 0.0025 0.0024999999999999996
20.0 0.00304 0 0.38734488887285634 6 0.3877124641280264 6 0.0003464550812026737 6  0.020000000000000007 0.00304 0.00304
20.0 0.00357 0 0.3873439055792587 6 0.390277639653177 6 0.007971582517666054 6  0.020000000000000004 0.00357 0.0035699999999999994
20.0 0.00411 0 0.3934529750958135 6 0.391540673919791 6 0.0050444150379211575 6  0.020000000000000004 0.004110000000000001 0.004109999999999999
20.0 0.00518 0 0.5107496162608371 6 0.49318121093290934 6 0.04838004622607258 6  0.019999999999999997 0.005180000000000001 0.00518
20.0 0.00464 0 0.4370009965171893 6 0.4092595326387269 6 0.017149119127822618 6  0.02 0.004640000000000002 0.004640000000000002
20.0 0.00571 0 0.5757897243935025 6 0.5482005233700595 6 0.14387599947303173 6  0.020000000000000004 0.00571 0.005709999999999998
20.0 0.00625 0 0.6412644480205759 6 0.6299195715375296 6 0.232752534082012 6  0.02 0.006250000000000001 0.006250000000000001
20.0 0.00679 0 0.7361684495901961 6 0.7228680733279139 6 0.305099504711463 6  0.02 0.006789999999999999 0.006789999999999997
20.0 0.00732 0 0.7684238926767685 6 0.7502973060997645 6 0.3344930643361721 6  0.02 0.007320000000000002 0.007320000000000002
20.0 0.00839 0 0.8684621691008333 6 0.8589681706428319 6 0.47553685559819525 6  0.020000000000000004 0.00839 0.00839
20.0 0.00786 0 0.8193400020426831 6 0.8019562291360577 6 0.39478477760122094 6  0.020000000000000007 0.00786 0.00786
20.0 0.00893 0 0.9040395832277418 6 0.9037552043543504 6 0.46120607229027843 6  0.02 0.00893 0.00893
20.0 0.00946 0 0.9372528731859439 6 0.9285569229711411 6 0.5711049241712144 6  0.020000000000000004 0.00946 0.009459999999999998
20.0 0.01 0 0.952818400627212 6 0.948621322480153 6 0.6092558027743676 6  0.019999999999999997 0.01 0.01
