f=0.448524	 L=-10803.2	 argmax_ovl=0.908646	 overlap=0.853373	 fraction=0.903
argmax_configuration:
1 1 1 1 1 1 1 1 1 1 1 1 1 1 1 1 1 1 1 1 1 1 1 1 1 1 1 1 1 1 1 1 1 1 1 1 1 1 1 1 1 1 1 1 1 1 1 1 1 1 1 1 1 1 1 1 1 1 1 1 1 1 1 1 1 1 0 1 1 1 1 1 1 1 0 1 1 1 1 1 1 1 1 1 1 0 0 1 1 1 1 1 1 1 1 1 1 1 1 1 1 1 1 1 1 1 1 1 1 1 1 1 1 1 1 0 1 1 1 1 0 1 1 1 0 1 1 1 1 1 1 1 0 1 1 1 1 1 1 1 1 1 1 0 1 1 1 1 1 1 1 0 1 1 1 1 1 1 1 0 1 1 1 1 1 1 1 1 1 1 1 1 0 1 1 1 1 1 1 1 1 1 1 1 1 1 1 1 1 1 1 1 1 1 1 1 1 1 1 1 1 1 1 1 0 1 0 1 1 1 1 1 1 1 1 1 1 1 1 0 1 1 0 1 1 1 1 1 1 0 1 1 1 1 1 1 1 1 1 1 1 1 1 1 1 1 1 1 1 1 1 1 1 1 1 1 1 1 1 1 1 1 1 1 1 0 1 1 1 1 1 1 1 1 1 1 1 1 1 1 1 1 1 1 1 1 1 1 1 1 1 1 1 1 1 1 1 1 1 1 1 1 0 1 1 1 1 1 1 1 0 0 1 1 1 1 0 1 1 1 1 1 1 1 1 1 1 1 1 1 1 1 1 1 0 1 1 1 1 1 1 1 1 1 1 1 1 1 1 1 1 0 1 1 1 1 1 1 1 1 1 1 1 1 1 1 1 0 1 1 1 1 1 1 0 1 1 1 1 1 0 1 0 1 1 1 0 1 1 1 1 1 0 1 1 1 1 1 1 1 1 1 0 1 1 1 1 1 1 1 1 1 1 1 1 1 1 1 1 1 1 0 1 1 1 1 1 1 1 1 1 1 1 1 1 1 1 1 1 1 1 1 1 1 1 1 0 0 1 1 1 1 1 1 1 1 1 1 1 1 1 1 1 0 1 1 1 1 1 1 1 0 1 1 1 1 1 1 1 1 1 1 1 0 1 1 1 1 1 1 1 1 0 1 1 1 1 1 1 1 0 0 0 0 0 0 0 1 0 0 0 0 0 0 0 0 0 0 0 0 0 1 0 0 1 0 0 0 0 0 0 0 0 0 0 0 0 1 0 0 0 0 0 0 0 0 0 0 0 0 0 0 0 0 0 0 0 0 0 1 0 0 0 0 0 0 0 0 1 0 0 0 0 0 0 0 0 1 0 0 1 0 0 0 0 0 0 0 0 0 0 0 0 1 0 0 0 0 0 0 0 0 0 0 0 0 0 0 0 0 0 0 0 0 1 0 0 0 0 0 0 0 0 0 0 0 0 0 0 0 0 1 1 1 0 0 0 0 0 1 0 0 0 0 0 0 0 0 0 0 0 0 1 0 1 0 0 0 0 1 0 0 0 0 0 0 0 0 0 0 0 0 0 0 0 0 0 0 0 0 0 0 0 0 0 0 0 0 0 0 0 0 0 1 0 0 0 0 1 0 0 0 0 0 0 0 0 0 0 1 0 0 0 0 0 0 0 0 0 1 0 0 0 0 0 0 1 0 0 0 1 0 0 0 0 0 0 1 0 0 0 1 0 0 0 0 0 0 0 0 0 1 0 0 0 0 0 0 0 0 0 1 0 1 0 0 0 0 0 0 0 0 1 1 0 0 0 0 0 0 0 1 0 0 1 0 0 0 0 0 1 0 0 0 0 0 0 0 0 0 0 0 0 1 0 1 0 0 0 0 0 0 0 0 0 0 1 0 0 0 0 0 0 0 0 0 1 1 0 0 0 0 0 0 0 0 0 0 0 0 0 0 0 0 0 0 0 0 1 0 0 0 0 0 0 0 0 0 0 1 0 0 1 0 0 0 0 0 0 1 1 0 0 0 0 0 0 0 0 0 0 0 0 0 0 0 0 0 0 0 0 0 0 0 0 0 0 1 1 0 0 0 0 0 0 0 0 0 0 0 0 0 0 0 1 0 0 1 0 0 0 1 1 0 0 0 0 0 0 0 0 1 0 0 0 0 0 1 0 0 0 0 0 0 1 0 0 0 0 0 0 0 1 0 0 0 1 0 0 1 0 0 1 0 0 0 0 0 0 0 0 0 0 1 0 0 0 0 1 0 0 0 0 0 0 0 1 0 0 0 0 0 0 0 0 0 0 0 0 0 

marginals:
0.254229 0.745771 
0.00116859 0.998831 
0.00132244 0.998678 
0.0305316 0.969468 
0.00122721 0.998773 
0.0490836 0.950916 
0.174452 0.825548 
0.00145126 0.998549 
0.254231 0.745769 
0.000181271 0.999819 
0.0515565 0.948444 
0.00237465 0.997625 
1.93407e-05 0.999981 
0.0487999 0.9512 
0.0801912 0.919809 
0.00213197 0.997868 
0.0227173 0.977283 
0.0139492 0.986051 
0.00471935 0.995281 
0.0651769 0.934823 
1.81293e-05 0.999982 
0.00895924 0.991041 
0.0991789 0.900821 
0.088181 0.911819 
0.00934186 0.990658 
0.000378324 0.999622 
0.245728 0.754272 
0.000878069 0.999122 
0.18043 0.81957 
0.00571876 0.994281 
0.0465306 0.953469 
0.185691 0.814309 
0.280593 0.719407 
0.138047 0.861953 
0.0316434 0.968357 
0.143123 0.856877 
0.0363809 0.963619 
0.0235372 0.976463 
0.00402218 0.995978 
0.000477617 0.999522 
0.019632 0.980368 
0.0115404 0.98846 
0.00780609 0.992194 
0.241176 0.758824 
0.00153099 0.998469 
1.24585e-05 0.999988 
0.298134 0.701866 
0.178377 0.821623 
0.000226715 0.999773 
0.000393285 0.999607 
0.00634085 0.993659 
0.0103495 0.98965 
1.94323e-05 0.999981 
0.0409324 0.959068 
0.0161678 0.983832 
0.0559453 0.944055 
4.25667e-05 0.999957 
0.074408 0.925592 
0.161304 0.838696 
0.0233953 0.976605 
0.254231 0.745769 
0.00039873 0.999601 
0.0115622 0.988438 
0.0230045 0.976995 
0.363948 0.636052 
0.00313037 0.99687 
0.592646 0.407354 
0.0126933 0.987307 
4.28196e-05 0.999957 
0.0861136 0.913886 
0.25422 0.74578 
0.199659 0.800341 
0.0980496 0.90195 
0.0157896 0.98421 
0.663339 0.336661 
0.000204315 0.999796 
0.0103784 0.989622 
0.00771317 0.992287 
0.000242882 0.999757 
0.00811676 0.991883 
0.00293156 0.997068 
0.0486839 0.951316 
0.0299598 0.97004 
0.0613497 0.93865 
0.00166659 0.998333 
0.813971 0.186029 
0.890629 0.109371 
0.0180385 0.981962 
0.0209856 0.979014 
8.98768e-05 0.99991 
0.331104 0.668896 
0.0017492 0.998251 
0.0893377 0.910662 
0.0601014 0.939899 
0.000352912 0.999647 
0.0263915 0.973609 
0.119919 0.880081 
0.0758004 0.9242 
0.026851 0.973149 
0.0927133 0.907287 
0.496375 0.503625 
0.0908942 0.909106 
0.000544929 0.999455 
0.0851775 0.914823 
7.96519e-05 0.99992 
0.0458433 0.954157 
0.000913252 0.999087 
0.00124723 0.998753 
0.0487091 0.951291 
0.00672243 0.993278 
0.0127298 0.98727 
0.274809 0.725191 
0.000596322 0.999404 
0.0655242 0.934476 
0.0527393 0.947261 
0.851806 0.148194 
0.00800932 0.991991 
0.000146839 0.999853 
0.00922451 0.990775 
0.000550045 0.99945 
0.899632 0.100368 
0.000711308 0.999289 
0.445014 0.554986 
0.0565697 0.94343 
0.946989 0.0530113 
0.00214736 0.997853 
0.331236 0.668764 
0.00125906 0.998741 
0.00777092 0.992229 
0.00595753 0.994042 
0.00819731 0.991803 
0.000425666 0.999574 
0.903291 0.0967088 
0.00105297 0.998947 
0.0739269 0.926073 
0.0491254 0.950875 
0.000259934 0.99974 
5.2087e-05 0.999948 
0.00339533 0.996605 
0.00796379 0.992036 
0.241181 0.758819 
0.0883268 0.911673 
0.00812576 0.991874 
0.778702 0.221298 
0.00450571 0.995494 
0.011053 0.988947 
0.144197 0.855803 
0.0883881 0.911612 
0.00027601 0.999724 
0.0114297 0.98857 
0.00173249 0.998268 
0.678031 0.321969 
0.0106697 0.98933 
0.076203 0.923797 
0.00112634 0.998874 
0.236363 0.763637 
0.247556 0.752444 
0.00919212 0.990808 
0.000678034 0.999322 
0.760863 0.239137 
0.0992992 0.900701 
0.000891505 0.999108 
0.00514132 0.994859 
0.00286531 0.997135 
0.00076863 0.999231 
0.00174243 0.998258 
0.0527704 0.94723 
0.00113232 0.998868 
0.0592729 0.940727 
0.00202365 0.997976 
0.426475 0.573525 
0.0270242 0.972976 
0.91454 0.0854595 
0.0113724 0.988628 
0.0531435 0.946856 
0.0214672 0.978533 
0.00172728 0.998273 
0.000394522 0.999605 
9.66792e-05 0.999903 
0.13734 0.86266 
0.0084821 0.991518 
0.254194 0.745806 
0.0486844 0.951316 
0.254229 0.745771 
0.0535264 0.946474 
0.00820169 0.991798 
0.0896925 0.910307 
0.104447 0.895553 
0.0782296 0.92177 
0.000152537 0.999847 
0.00708887 0.992911 
0.00133828 0.998662 
0.0258366 0.974163 
0.261824 0.738176 
0.283678 0.716322 
0.254225 0.745775 
0.0183878 0.981612 
0.000538644 0.999461 
0.00625893 0.993741 
0.0271027 0.972897 
0.0261329 0.973867 
0.0341612 0.965839 
0.000836634 0.999163 
0.0523403 0.94766 
0.68165 0.31835 
0.00830504 0.991695 
0.734869 0.265131 
0.000315562 0.999684 
0.0613374 0.938663 
0.00165428 0.998346 
0.0140626 0.985937 
0.0486585 0.951341 
0.0501429 0.949857 
0.280057 0.719943 
0.0513195 0.948681 
0.0299109 0.970089 
0.00225158 0.997748 
0.000236351 0.999764 
0.220378 0.779622 
0.995011 0.00498879 
5.83363e-05 0.999942 
0.00523382 0.994766 
0.96947 0.0305295 
0.000283973 0.999716 
0.00720401 0.992796 
0.00386504 0.996135 
0.0108467 0.989153 
0.141795 0.858205 
0.0840685 0.915931 
0.760862 0.239138 
0.0727307 0.927269 
0.0111486 0.988851 
0.000247277 0.999753 
0.389067 0.610933 
0.0227173 0.977283 
0.254232 0.745768 
0.00385077 0.996149 
0.000199817 0.9998 
0.067963 0.932037 
0.0518007 0.948199 
0.0108355 0.989164 
0.00801655 0.991983 
0.0637552 0.936245 
0.164948 0.835052 
0.115433 0.884567 
0.037626 0.962374 
0.0141239 0.985876 
0.0809175 0.919082 
0.265942 0.734058 
0.345016 0.654984 
0.00161311 0.998387 
0.0189915 0.981008 
0.020353 0.979647 
0.000284087 0.999716 
0.00280067 0.997199 
0.328136 0.671864 
0.434653 0.565347 
0.0499177 0.950082 
0.254222 0.745778 
0.26255 0.73745 
0.010917 0.989083 
0.0499171 0.950083 
4.04307e-05 0.99996 
0.000268414 0.999732 
0.00970877 0.990291 
0.742244 0.257756 
0.0324952 0.967505 
0.254231 0.745769 
0.0180532 0.981947 
0.0139932 0.986007 
0.137338 0.862662 
0.119917 0.880083 
0.020855 0.979145 
0.232136 0.767864 
0.000192337 0.999808 
0.000286015 0.999714 
0.00120156 0.998798 
0.37896 0.62104 
0.00772177 0.992278 
0.0146657 0.985334 
0.00120823 0.998792 
0.00889761 0.991102 
0.0991671 0.900833 
0.00132749 0.998673 
0.00231703 0.997683 
0.275641 0.724359 
0.0696326 0.930367 
0.26744 0.73256 
0.324064 0.675936 
0.399803 0.600197 
0.00122416 0.998776 
0.000241549 0.999758 
0.141075 0.858925 
0.000453633 0.999546 
0.000228066 0.999772 
0.00923341 0.990767 
0.00226354 0.997736 
0.00140907 0.998591 
0.00808911 0.991911 
0.011078 0.988922 
0.000367681 0.999632 
0.00196737 0.998033 
0.735172 0.264828 
0.0102484 0.989752 
0.0487047 0.951295 
0.307443 0.692557 
0.202586 0.797414 
0.25423 0.74577 
0.0504451 0.949555 
0.0557845 0.944215 
0.583857 0.416143 
0.898176 0.101824 
0.000306404 0.999694 
0.00298166 0.997018 
0.0108591 0.989141 
0.00490535 0.995095 
0.586469 0.413531 
0.138429 0.861571 
0.210178 0.789822 
0.254231 0.745769 
0.000533893 0.999466 
8.25448e-05 0.999917 
0.0166112 0.983389 
0.00823678 0.991763 
0.00142112 0.998579 
0.325753 0.674247 
0.254231 0.745769 
0.00136829 0.998632 
0.0739652 0.926035 
0.0689171 0.931083 
0.00191636 0.998084 
0.47945 0.52055 
0.254231 0.745769 
0.0113009 0.988699 
0.642988 0.357012 
0.0131976 0.986802 
0.00794634 0.992054 
0.143316 0.856684 
0.0128313 0.987169 
0.00565701 0.994343 
0.052645 0.947355 
0.00303177 0.996968 
0.000844512 0.999155 
0.000419279 0.999581 
0.00806586 0.991934 
0.00717886 0.992821 
6.23635e-06 0.999994 
0.336246 0.663754 
0.0557853 0.944215 
5.84408e-06 0.999994 
0.0059346 0.994065 
0.612213 0.387787 
0.376677 0.623323 
0.0307101 0.96929 
0.000307576 0.999692 
0.205588 0.794412 
0.264736 0.735264 
1.07078e-05 0.999989 
0.11036 0.88964 
0.0501108 0.949889 
0.00119473 0.998805 
0.00189165 0.998108 
0.0144077 0.985592 
0.41125 0.58875 
0.430271 0.569729 
0.0638573 0.936143 
0.00904541 0.990955 
0.543724 0.456276 
0.280726 0.719274 
0.0217469 0.978253 
0.0553229 0.944677 
0.115539 0.884461 
0.00917173 0.990828 
0.254229 0.745771 
0.565236 0.434764 
0.000441363 0.999559 
0.0687114 0.931289 
0.323207 0.676793 
0.151265 0.848735 
0.15448 0.84552 
0.772923 0.227077 
0.0113643 0.988636 
0.760862 0.239138 
0.0431723 0.956828 
6.99717e-05 0.99993 
0.0612186 0.938781 
0.631986 0.368014 
0.00163797 0.998362 
0.0723066 0.927693 
0.107878 0.892122 
0.00294857 0.997051 
0.184494 0.815506 
0.95233 0.04767 
0.00696254 0.993037 
0.0230377 0.976962 
0.0373903 0.96261 
0.413629 0.586371 
0.0211821 0.978818 
0.0538083 0.946192 
0.00165147 0.998349 
0.000734938 0.999265 
0.0683649 0.931635 
0.877688 0.122312 
0.000192329 0.999808 
0.00202615 0.997974 
0.323309 0.676691 
0.143116 0.856884 
0.00762934 0.992371 
0.00261086 0.997389 
0.231177 0.768823 
2.01031e-06 0.999998 
5.07448e-05 0.999949 
0.049187 0.950813 
0.120596 0.879404 
0.00635039 0.99365 
0.0688727 0.931127 
0.148286 0.851714 
0.334687 0.665313 
0.212333 0.787667 
0.0191074 0.980893 
0.000459604 0.99954 
0.943298 0.0567021 
0.00638479 0.993615 
0.00424582 0.995754 
0.147206 0.852794 
0.0107594 0.989241 
0.23271 0.76729 
0.0588422 0.941158 
2.59492e-05 0.999974 
0.0147312 0.985269 
0.0690818 0.930918 
0.0134048 0.986595 
0.282506 0.717494 
0.00206083 0.997939 
0.000320559 0.999679 
0.0313757 0.968624 
0.0673511 0.932649 
0.194213 0.805787 
0.00127745 0.998723 
0.0563417 0.943658 
0.00155927 0.998441 
0.031112 0.968888 
0.00106139 0.998939 
0.00226789 0.997732 
0.00122722 0.998773 
0.00304512 0.996955 
0.728599 0.271401 
0.538485 0.461515 
0.109493 0.890507 
0.326514 0.673486 
0.0511314 0.948869 
0.0289637 0.971036 
0.0718171 0.928183 
0.0549395 0.945061 
0.141089 0.858911 
0.000861697 0.999138 
0.254229 0.745771 
0.00199409 0.998006 
0.109846 0.890154 
7.36165e-05 0.999926 
0.00801375 0.991986 
0.0276853 0.972315 
0.00883718 0.991163 
0.877691 0.122309 
0.000337252 0.999663 
0.000616134 0.999384 
0.0420457 0.957954 
0.135125 0.864875 
0.0486593 0.951341 
0.00351338 0.996487 
0.0104566 0.989543 
0.760864 0.239136 
0.0299557 0.970044 
0.00764252 0.992357 
0.00907586 0.990924 
0.111595 0.888405 
0.0169243 0.983076 
0.00106548 0.998935 
0.00155703 0.998443 
5.54555e-05 0.999945 
0.0235575 0.976443 
0.0613256 0.938674 
0.370088 0.629912 
0.806382 0.193618 
0.048995 0.951005 
0.000327913 0.999672 
0.048891 0.951109 
0.00410521 0.995895 
0.0223022 0.977698 
0.254231 0.745769 
0.00460726 0.995393 
0.000704192 0.999296 
0.836176 0.163824 
8.91509e-05 0.999911 
0.441389 0.558611 
0.00799192 0.992008 
0.0841266 0.915873 
0.19696 0.80304 
0.000101067 0.999899 
0.254232 0.745768 
0.981372 0.0186275 
0.794678 0.205322 
0.998097 0.00190331 
0.999983 1.69478e-05 
0.994 0.00599979 
0.997571 0.00242861 
0.953383 0.0466169 
0.158087 0.841913 
0.781746 0.218254 
0.991329 0.00867072 
0.951402 0.0485981 
0.999636 0.000364473 
0.965261 0.0347391 
0.999968 3.19994e-05 
0.99942 0.000579601 
0.999934 6.64563e-05 
0.996154 0.00384612 
0.900133 0.0998672 
0.997802 0.00219785 
0.997652 0.00234764 
0.991746 0.00825388 
0.254231 0.745769 
0.981476 0.0185239 
0.816208 0.183792 
0.102031 0.897969 
0.994817 0.00518253 
0.551868 0.448132 
0.979111 0.020889 
0.999886 0.000113703 
0.678793 0.321207 
0.998013 0.00198742 
0.884484 0.115516 
0.743371 0.256629 
0.99836 0.00164006 
0.968375 0.0316252 
0.630768 0.369232 
0.994335 0.00566464 
0.254231 0.745769 
0.999784 0.00021634 
0.99592 0.00408035 
0.951734 0.0482655 
0.942464 0.0575362 
0.906184 0.0938157 
0.999918 8.19423e-05 
0.936245 0.0637555 
0.995673 0.00432669 
0.995163 0.00483705 
0.958711 0.041289 
0.760864 0.239136 
0.997315 0.00268517 
0.966263 0.0337372 
0.992266 0.00773376 
0.996605 0.00339525 
0.98846 0.0115401 
0.522633 0.477367 
0.947346 0.0526542 
0.787485 0.212515 
0.984524 0.0154762 
0.998598 0.00140219 
0.253421 0.746579 
0.760861 0.239139 
0.725208 0.274792 
0.842638 0.157362 
0.99987 0.000129527 
0.998388 0.00161225 
0.889993 0.110007 
0.799622 0.200378 
0.653292 0.346708 
0.114754 0.885246 
0.987441 0.0125587 
0.974082 0.0259176 
0.999911 8.89634e-05 
0.922273 0.0777273 
0.978787 0.0212134 
0.942004 0.0579961 
0.999098 0.00090235 
0.98443 0.0155703 
0.0629341 0.937066 
0.796293 0.203707 
0.978189 0.0218114 
0.254231 0.745769 
0.989117 0.0108825 
0.985841 0.0141591 
0.748715 0.251285 
0.692299 0.307701 
0.999297 0.000702647 
0.842377 0.157623 
0.979468 0.0205323 
0.760862 0.239138 
0.997573 0.00242735 
0.889609 0.110391 
0.991994 0.00800599 
0.991791 0.00820937 
0.032258 0.967742 
0.901416 0.0985836 
0.924744 0.075256 
0.89508 0.10492 
0.99045 0.00954968 
0.987467 0.0125327 
0.760861 0.239139 
0.941712 0.0582882 
0.942028 0.0579717 
0.779233 0.220767 
0.997146 0.00285426 
0.997367 0.00263256 
0.973539 0.0264612 
0.760862 0.239138 
0.888829 0.111171 
0.760858 0.239142 
0.994526 0.00547412 
0.825351 0.174649 
0.903371 0.0966291 
0.995147 0.00485261 
0.999422 0.000578335 
0.25422 0.74578 
0.997363 0.00263693 
0.999877 0.000123037 
0.936006 0.0639943 
0.998446 0.00155364 
0.98614 0.01386 
0.999991 9.21732e-06 
0.992392 0.00760806 
0.996248 0.00375243 
0.76086 0.23914 
0.830687 0.169313 
0.992092 0.00790823 
0.954598 0.0454021 
0.999399 0.000601217 
0.998064 0.00193612 
0.760863 0.239137 
0.999653 0.00034717 
0.0630802 0.93692 
0.126174 0.873826 
0.330293 0.669707 
0.99979 0.000209785 
0.999681 0.000318904 
0.940472 0.0595279 
0.99745 0.00255002 
0.873479 0.126521 
0.278114 0.721886 
0.954202 0.0457984 
0.999998 1.90357e-06 
0.586434 0.413566 
0.958212 0.041788 
0.95238 0.04762 
0.952045 0.0479554 
0.898401 0.101599 
0.986595 0.0134051 
0.760863 0.239137 
0.97705 0.0229496 
0.951578 0.0484222 
0.836731 0.163269 
0.033911 0.966089 
0.997103 0.00289733 
0.199196 0.800804 
0.99462 0.00538025 
0.507675 0.492325 
0.999442 0.000558404 
0.981338 0.0186622 
0.337653 0.662347 
0.992187 0.00781338 
0.964644 0.0353556 
0.853324 0.146676 
0.981623 0.0183765 
0.989157 0.010843 
0.990806 0.00919401 
0.691563 0.308437 
0.815475 0.184525 
0.879887 0.120113 
0.952683 0.0473166 
0.979512 0.0204885 
0.98394 0.0160603 
0.996503 0.00349672 
0.986758 0.0132423 
0.9524 0.0476001 
0.953792 0.0462081 
0.991384 0.00861633 
0.96154 0.0384601 
0.964701 0.0352986 
0.999496 0.000504318 
0.992789 0.00721062 
0.999823 0.000176562 
0.978951 0.0210494 
0.762096 0.237904 
0.999101 0.000898691 
0.984791 0.0152088 
0.83281 0.16719 
0.970093 0.0299072 
0.955489 0.0445106 
0.92148 0.0785195 
0.98824 0.0117596 
0.999999 8.47481e-07 
0.997231 0.00276889 
0.45033 0.54967 
0.905319 0.0946813 
0.999365 0.000634549 
0.974598 0.0254019 
0.96631 0.0336905 
0.0569219 0.943078 
0.942132 0.0578678 
0.994271 0.00572877 
0.877683 0.122317 
0.760862 0.239138 
0.68957 0.31043 
0.835252 0.164748 
0.692849 0.307151 
0.857077 0.142923 
0.995047 0.00495341 
0.625371 0.374629 
0.0632618 0.936738 
0.999609 0.000391335 
0.894363 0.105637 
0.954838 0.045162 
0.905781 0.0942192 
0.974248 0.0257524 
0.870883 0.129117 
0.999945 5.47054e-05 
0.972361 0.0276391 
0.760864 0.239136 
0.254231 0.745769 
0.951703 0.0482968 
0.733961 0.266039 
0.992368 0.00763166 
0.825671 0.174329 
0.983582 0.016418 
0.954226 0.0457742 
0.0223119 0.977688 
0.913015 0.0869848 
0.76049 0.23951 
0.999853 0.000146931 
0.323457 0.676543 
0.903894 0.0961056 
0.923115 0.0768851 
0.968187 0.0318133 
0.760864 0.239136 
0.872247 0.127753 
0.999667 0.000332562 
0.28781 0.71219 
0.991383 0.00861701 
0.658513 0.341487 
0.999701 0.000299205 
0.0109324 0.989068 
0.954895 0.045105 
0.993457 0.00654325 
0.998869 0.00113081 
0.93485 0.0651502 
0.815476 0.184524 
0.708567 0.291433 
0.760862 0.239138 
0.995961 0.00403878 
0.995892 0.00410832 
0.107699 0.892301 
0.967458 0.0325422 
0.99135 0.00865027 
0.985949 0.0140509 
0.999769 0.000231175 
0.938705 0.0612947 
0.896253 0.103747 
0.999067 0.000933233 
0.995776 0.00422432 
0.851299 0.148701 
0.344496 0.655504 
0.916375 0.0836254 
0.254231 0.745769 
0.97782 0.0221796 
0.891866 0.108134 
0.99634 0.00366009 
0.921577 0.0784226 
0.984777 0.0152234 
0.760864 0.239136 
0.984853 0.0151466 
0.980237 0.0197629 
0.0487049 0.951295 
0.236633 0.763367 
0.993482 0.00651794 
0.981207 0.018793 
0.997304 0.00269567 
0.982528 0.0174724 
0.992949 0.00705132 
0.915111 0.0848888 
0.999685 0.00031535 
0.037289 0.962711 
0.987894 0.0121056 
0.99681 0.00318966 
0.0870071 0.912993 
0.898167 0.101833 
0.78598 0.21402 
0.99753 0.00246979 
0.886205 0.113795 
0.998552 0.00144845 
0.254232 0.745768 
0.999774 0.000226137 
0.738103 0.261897 
0.989709 0.0102912 
0.997997 0.00200344 
0.914878 0.0851216 
0.59773 0.40227 
0.915952 0.0840481 
0.990757 0.00924269 
0.999589 0.000411293 
0.954385 0.0456155 
0.954958 0.0450424 
0.991606 0.00839424 
0.243311 0.756689 
0.983865 0.0161346 
0.145147 0.854853 
0.798984 0.201016 
0.992755 0.00724535 
0.998566 0.00143428 
0.983239 0.0167614 
0.958522 0.0414779 
0.94724 0.0527597 
0.627682 0.372318 
0.999504 0.000496304 
0.993863 0.00613657 
0.934182 0.0658183 
0.254232 0.745768 
0.916153 0.0838468 
0.99975 0.000249554 
0.761714 0.238286 
0.999414 0.000585824 
0.978292 0.0217084 
0.766178 0.233822 
0.999698 0.000301863 
0.585087 0.414913 
0.835252 0.164748 
0.0561228 0.943877 
0.42068 0.57932 
0.960819 0.0391812 
0.863646 0.136354 
0.932673 0.0673272 
0.921222 0.078778 
0.999238 0.000761737 
0.954598 0.0454018 
0.952426 0.0475744 
0.763173 0.236827 
0.990431 0.00956926 
0.936283 0.0637166 
0.902134 0.0978658 
0.999877 0.000122967 
0.998975 0.00102454 
0.934015 0.0659848 
0.98425 0.0157498 
0.981527 0.0184732 
0.982783 0.0172167 
0.784707 0.215293 
0.993096 0.00690385 
0.760863 0.239137 
0.254231 0.745769 
0.999335 0.000664955 
0.908802 0.0911981 
0.998295 0.00170549 
0.773978 0.226022 
0.968017 0.0319829 
0.980197 0.0198032 
0.922636 0.0773644 
0.995383 0.00461686 
0.921772 0.0782278 
0.994866 0.0051335 
0.247437 0.752563 
0.999589 0.000411425 
0.824553 0.175447 
0.140194 0.859806 
0.998545 0.00145471 
0.993353 0.00664723 
0.953653 0.0463473 
0.681877 0.318123 
0.606934 0.393066 
0.943102 0.0568979 
0.254231 0.745769 
0.194372 0.805628 
0.936542 0.0634582 
0.947144 0.0528564 
0.993289 0.00671061 
0.997201 0.00279906 
0.999757 0.000243111 
0.954598 0.045402 
0.760864 0.239136 
0.9549 0.0451 
0.978759 0.0212406 
0.897545 0.102455 
0.996687 0.00331264 
0.998247 0.00175264 
0.998497 0.00150252 
0.998761 0.00123864 
0.755675 0.244325 
0.912589 0.0874109 
0.999616 0.000384279 
0.995817 0.00418295 
0.954768 0.045232 
0.994161 0.00583931 
0.936079 0.0639208 
0.954577 0.0454229 
0.688838 0.311162 
0.760862 0.239138 
0.925048 0.0749518 
0.993191 0.00680907 
0.256874 0.743126 
0.051812 0.948188 
0.999903 9.71305e-05 
0.997073 0.00292716 
0.989352 0.0106479 
0.535549 0.464451 
0.998695 0.00130516 
0.967367 0.0326328 
0.999779 0.000220754 
0.992562 0.00743772 
0.99943 0.000569975 
0.877689 0.122311 
0.996519 0.00348061 
0.680425 0.319575 
0.932681 0.0673188 
0.623146 0.376854 
0.939669 0.0603309 
0.187112 0.812888 
0.998112 0.00188786 
0.998747 0.00125291 
0.232266 0.767734 
0.993427 0.00657345 
0.902041 0.0979585 
0.77331 0.22669 
0.482148 0.517852 
0.254222 0.745778 
0.691396 0.308604 
0.872585 0.127415 
0.926979 0.0730213 
0.999776 0.000224068 
0.998957 0.00104292 
0.977018 0.0229819 
0.943185 0.056815 
0.998306 0.00169393 
0.339745 0.660255 
0.678431 0.321569 
0.910284 0.089716 
0.992969 0.00703065 
0.991204 0.00879647 
0.98755 0.0124496 
0.0573035 0.942696 
0.940743 0.0592573 
0.99178 0.00822009 
0.990489 0.00951119 
0.977054 0.0229463 
0.99881 0.00118973 
0.631177 0.368823 
0.279894 0.720106 
0.864504 0.135496 
0.530853 0.469147 
0.996799 0.00320096 
0.783972 0.216028 
0.690468 0.309532 
0.997787 0.00221349 
0.954958 0.0450419 
0.0529887 0.947011 
0.973283 0.0267167 
0.760864 0.239136 
0.996289 0.0037114 
0.414789 0.585211 
0.706737 0.293263 
0.998602 0.00139785 
0.184823 0.815177 
0.551861 0.448139 
0.760858 0.239142 
0.057375 0.942625 
0.710807 0.289193 
0.999796 0.000204287 
0.994935 0.00506532 
0.598403 0.401597 
0.52321 0.47679 
0.963101 0.0368988 
0.999421 0.000578978 
0.942464 0.0575355 
0.996619 0.00338144 
0.827872 0.172128 
0.325215 0.674785 
0.994292 0.0057078 
0.994137 0.00586343 
0.973515 0.0264848 
0.949136 0.0508636 
0.447932 0.552068 
0.996458 0.00354237 
0.684059 0.315941 
0.952841 0.0471586 
0.954839 0.0451614 
0.957014 0.0429858 
0.948654 0.0513461 
0.951273 0.0487268 
0.314608 0.685392 
0.916424 0.0835761 
0.999234 0.000766415 
0.760864 0.239136 
0.558643 0.441357 
0.954613 0.0453874 
0.97789 0.0221103 
0.991364 0.0086363 
0.999973 2.71196e-05 
0.904891 0.0951089 
0.999116 0.000883706 
0.760862 0.239138 
0.921575 0.0784254 
0.997903 0.00209677 

argmax_marginals:
0.745771 0.998831 0.998678 0.969468 0.998773 0.950916 0.825548 0.998549 0.745769 0.999819 0.948444 0.997625 0.999981 0.9512 0.919809 0.997868 0.977283 0.986051 0.995281 0.934823 0.999982 0.991041 0.900821 0.911819 0.990658 0.999622 0.754272 0.999122 0.81957 0.994281 0.953469 0.814309 0.719407 0.861953 0.968357 0.856877 0.963619 0.976463 0.995978 0.999522 0.980368 0.98846 0.992194 0.758824 0.998469 0.999988 0.701866 0.821623 0.999773 0.999607 0.993659 0.98965 0.999981 0.959068 0.983832 0.944055 0.999957 0.925592 0.838696 0.976605 0.745769 0.999601 0.988438 0.976995 0.636052 0.99687 0.592646 0.987307 0.999957 0.913886 0.74578 0.800341 0.90195 0.98421 0.663339 0.999796 0.989622 0.992287 0.999757 0.991883 0.997068 0.951316 0.97004 0.93865 0.998333 0.813971 0.890629 0.981962 0.979014 0.99991 0.668896 0.998251 0.910662 0.939899 0.999647 0.973609 0.880081 0.9242 0.973149 0.907287 0.503625 0.909106 0.999455 0.914823 0.99992 0.954157 0.999087 0.998753 0.951291 0.993278 0.98727 0.725191 0.999404 0.934476 0.947261 0.851806 0.991991 0.999853 0.990775 0.99945 0.899632 0.999289 0.554986 0.94343 0.946989 0.997853 0.668764 0.998741 0.992229 0.994042 0.991803 0.999574 0.903291 0.998947 0.926073 0.950875 0.99974 0.999948 0.996605 0.992036 0.758819 0.911673 0.991874 0.778702 0.995494 0.988947 0.855803 0.911612 0.999724 0.98857 0.998268 0.678031 0.98933 0.923797 0.998874 0.763637 0.752444 0.990808 0.999322 0.760863 0.900701 0.999108 0.994859 0.997135 0.999231 0.998258 0.94723 0.998868 0.940727 0.997976 0.573525 0.972976 0.91454 0.988628 0.946856 0.978533 0.998273 0.999605 0.999903 0.86266 0.991518 0.745806 0.951316 0.745771 0.946474 0.991798 0.910307 0.895553 0.92177 0.999847 0.992911 0.998662 0.974163 0.738176 0.716322 0.745775 0.981612 0.999461 0.993741 0.972897 0.973867 0.965839 0.999163 0.94766 0.68165 0.991695 0.734869 0.999684 0.938663 0.998346 0.985937 0.951341 0.949857 0.719943 0.948681 0.970089 0.997748 0.999764 0.779622 0.995011 0.999942 0.994766 0.96947 0.999716 0.992796 0.996135 0.989153 0.858205 0.915931 0.760862 0.927269 0.988851 0.999753 0.610933 0.977283 0.745768 0.996149 0.9998 0.932037 0.948199 0.989164 0.991983 0.936245 0.835052 0.884567 0.962374 0.985876 0.919082 0.734058 0.654984 0.998387 0.981008 0.979647 0.999716 0.997199 0.671864 0.565347 0.950082 0.745778 0.73745 0.989083 0.950083 0.99996 0.999732 0.990291 0.742244 0.967505 0.745769 0.981947 0.986007 0.862662 0.880083 0.979145 0.767864 0.999808 0.999714 0.998798 0.62104 0.992278 0.985334 0.998792 0.991102 0.900833 0.998673 0.997683 0.724359 0.930367 0.73256 0.675936 0.600197 0.998776 0.999758 0.858925 0.999546 0.999772 0.990767 0.997736 0.998591 0.991911 0.988922 0.999632 0.998033 0.735172 0.989752 0.951295 0.692557 0.797414 0.74577 0.949555 0.944215 0.583857 0.898176 0.999694 0.997018 0.989141 0.995095 0.586469 0.861571 0.789822 0.745769 0.999466 0.999917 0.983389 0.991763 0.998579 0.674247 0.745769 0.998632 0.926035 0.931083 0.998084 0.52055 0.745769 0.988699 0.642988 0.986802 0.992054 0.856684 0.987169 0.994343 0.947355 0.996968 0.999155 0.999581 0.991934 0.992821 0.999994 0.663754 0.944215 0.999994 0.994065 0.612213 0.623323 0.96929 0.999692 0.794412 0.735264 0.999989 0.88964 0.949889 0.998805 0.998108 0.985592 0.58875 0.569729 0.936143 0.990955 0.543724 0.719274 0.978253 0.944677 0.884461 0.990828 0.745771 0.565236 0.999559 0.931289 0.676793 0.848735 0.84552 0.772923 0.988636 0.760862 0.956828 0.99993 0.938781 0.631986 0.998362 0.927693 0.892122 0.997051 0.815506 0.95233 0.993037 0.976962 0.96261 0.586371 0.978818 0.946192 0.998349 0.999265 0.931635 0.877688 0.999808 0.997974 0.676691 0.856884 0.992371 0.997389 0.768823 0.999998 0.999949 0.950813 0.879404 0.99365 0.931127 0.851714 0.665313 0.787667 0.980893 0.99954 0.943298 0.993615 0.995754 0.852794 0.989241 0.76729 0.941158 0.999974 0.985269 0.930918 0.986595 0.717494 0.997939 0.999679 0.968624 0.932649 0.805787 0.998723 0.943658 0.998441 0.968888 0.998939 0.997732 0.998773 0.996955 0.728599 0.538485 0.890507 0.673486 0.948869 0.971036 0.928183 0.945061 0.858911 0.999138 0.745771 0.998006 0.890154 0.999926 0.991986 0.972315 0.991163 0.877691 0.999663 0.999384 0.957954 0.864875 0.951341 0.996487 0.989543 0.760864 0.970044 0.992357 0.990924 0.888405 0.983076 0.998935 0.998443 0.999945 0.976443 0.938674 0.629912 0.806382 0.951005 0.999672 0.951109 0.995895 0.977698 0.745769 0.995393 0.999296 0.836176 0.999911 0.558611 0.992008 0.915873 0.80304 0.999899 0.745768 0.981372 0.794678 0.998097 0.999983 0.994 0.997571 0.953383 0.841913 0.781746 0.991329 0.951402 0.999636 0.965261 0.999968 0.99942 0.999934 0.996154 0.900133 0.997802 0.997652 0.991746 0.745769 0.981476 0.816208 0.897969 0.994817 0.551868 0.979111 0.999886 0.678793 0.998013 0.884484 0.743371 0.99836 0.968375 0.630768 0.994335 0.745769 0.999784 0.99592 0.951734 0.942464 0.906184 0.999918 0.936245 0.995673 0.995163 0.958711 0.760864 0.997315 0.966263 0.992266 0.996605 0.98846 0.522633 0.947346 0.787485 0.984524 0.998598 0.746579 0.760861 0.725208 0.842638 0.99987 0.998388 0.889993 0.799622 0.653292 0.885246 0.987441 0.974082 0.999911 0.922273 0.978787 0.942004 0.999098 0.98443 0.937066 0.796293 0.978189 0.745769 0.989117 0.985841 0.748715 0.692299 0.999297 0.842377 0.979468 0.760862 0.997573 0.889609 0.991994 0.991791 0.967742 0.901416 0.924744 0.89508 0.99045 0.987467 0.760861 0.941712 0.942028 0.779233 0.997146 0.997367 0.973539 0.760862 0.888829 0.760858 0.994526 0.825351 0.903371 0.995147 0.999422 0.74578 0.997363 0.999877 0.936006 0.998446 0.98614 0.999991 0.992392 0.996248 0.76086 0.830687 0.992092 0.954598 0.999399 0.998064 0.760863 0.999653 0.93692 0.873826 0.669707 0.99979 0.999681 0.940472 0.99745 0.873479 0.721886 0.954202 0.999998 0.586434 0.958212 0.95238 0.952045 0.898401 0.986595 0.760863 0.97705 0.951578 0.836731 0.966089 0.997103 0.800804 0.99462 0.507675 0.999442 0.981338 0.662347 0.992187 0.964644 0.853324 0.981623 0.989157 0.990806 0.691563 0.815475 0.879887 0.952683 0.979512 0.98394 0.996503 0.986758 0.9524 0.953792 0.991384 0.96154 0.964701 0.999496 0.992789 0.999823 0.978951 0.762096 0.999101 0.984791 0.83281 0.970093 0.955489 0.92148 0.98824 0.999999 0.997231 0.54967 0.905319 0.999365 0.974598 0.96631 0.943078 0.942132 0.994271 0.877683 0.760862 0.68957 0.835252 0.692849 0.857077 0.995047 0.625371 0.936738 0.999609 0.894363 0.954838 0.905781 0.974248 0.870883 0.999945 0.972361 0.760864 0.745769 0.951703 0.733961 0.992368 0.825671 0.983582 0.954226 0.977688 0.913015 0.76049 0.999853 0.676543 0.903894 0.923115 0.968187 0.760864 0.872247 0.999667 0.71219 0.991383 0.658513 0.999701 0.989068 0.954895 0.993457 0.998869 0.93485 0.815476 0.708567 0.760862 0.995961 0.995892 0.892301 0.967458 0.99135 0.985949 0.999769 0.938705 0.896253 0.999067 0.995776 0.851299 0.655504 0.916375 0.745769 0.97782 0.891866 0.99634 0.921577 0.984777 0.760864 0.984853 0.980237 0.951295 0.763367 0.993482 0.981207 0.997304 0.982528 0.992949 0.915111 0.999685 0.962711 0.987894 0.99681 0.912993 0.898167 0.78598 0.99753 0.886205 0.998552 0.745768 0.999774 0.738103 0.989709 0.997997 0.914878 0.59773 0.915952 0.990757 0.999589 0.954385 0.954958 0.991606 0.756689 0.983865 0.854853 0.798984 0.992755 0.998566 0.983239 0.958522 0.94724 0.627682 0.999504 0.993863 0.934182 0.745768 0.916153 0.99975 0.761714 0.999414 0.978292 0.766178 0.999698 0.585087 0.835252 0.943877 0.57932 0.960819 0.863646 0.932673 0.921222 0.999238 0.954598 0.952426 0.763173 0.990431 0.936283 0.902134 0.999877 0.998975 0.934015 0.98425 0.981527 0.982783 0.784707 0.993096 0.760863 0.745769 0.999335 0.908802 0.998295 0.773978 0.968017 0.980197 0.922636 0.995383 0.921772 0.994866 0.752563 0.999589 0.824553 0.859806 0.998545 0.993353 0.953653 0.681877 0.606934 0.943102 0.745769 0.805628 0.936542 0.947144 0.993289 0.997201 0.999757 0.954598 0.760864 0.9549 0.978759 0.897545 0.996687 0.998247 0.998497 0.998761 0.755675 0.912589 0.999616 0.995817 0.954768 0.994161 0.936079 0.954577 0.688838 0.760862 0.925048 0.993191 0.743126 0.948188 0.999903 0.997073 0.989352 0.535549 0.998695 0.967367 0.999779 0.992562 0.99943 0.877689 0.996519 0.680425 0.932681 0.623146 0.939669 0.812888 0.998112 0.998747 0.767734 0.993427 0.902041 0.77331 0.517852 0.745778 0.691396 0.872585 0.926979 0.999776 0.998957 0.977018 0.943185 0.998306 0.660255 0.678431 0.910284 0.992969 0.991204 0.98755 0.942696 0.940743 0.99178 0.990489 0.977054 0.99881 0.631177 0.720106 0.864504 0.530853 0.996799 0.783972 0.690468 0.997787 0.954958 0.947011 0.973283 0.760864 0.996289 0.585211 0.706737 0.998602 0.815177 0.551861 0.760858 0.942625 0.710807 0.999796 0.994935 0.598403 0.52321 0.963101 0.999421 0.942464 0.996619 0.827872 0.674785 0.994292 0.994137 0.973515 0.949136 0.552068 0.996458 0.684059 0.952841 0.954839 0.957014 0.948654 0.951273 0.685392 0.916424 0.999234 0.760864 0.558643 0.954613 0.97789 0.991364 0.999973 0.904891 0.999116 0.760862 0.921575 0.997903 
